0 0.34010416666666665 0.10046296296296296 0.05625 0.19166666666666668
2 0.38958333333333334 -0.09351851851851851 0.09166666666666666 0.1111111111111111
0 0.42421875 0.06574074074074074 0.0515625 0.20555555555555555
0 0.47161458333333334 -0.005555555555555556 0.12760416666666666 0.08148148148148149
0 0.47317708333333336 0.1 0.0953125 0.08888888888888889
2 0.6622395833333333 0.008796296296296297 0.12239583333333333 0.11388888888888889
0 0.4395833333333333 0.37175925925925923 0.10625 0.14537037037037037
0 0.49296875 0.3592592592592593 0.05677083333333333 0.26481481481481484
1 0.5393229166666667 0.6069444444444444 0.0484375 0.07314814814814814
0 0.5924479166666666 0.6203703703703703 0.1171875 0.2
1 0.6565104166666667 0.8564814814814815 0.04739583333333333 0.07037037037037037
1 0.7104166666666667 0.9606481481481481 0.1125 0.125
2 0.6627604166666666 1.1472222222222221 0.10989583333333333 0.12222222222222222
1 0.27421875 0.7708333333333334 0.10572916666666667 0.07685185185185185
0 0.29661458333333335 0.9199074074074074 0.0734375 0.2064814814814815
0 0.35572916666666665 0.8861111111111111 0.14270833333333333 0.10925925925925926
0 0.4192708333333333 0.9699074074074074 0.06145833333333333 0.2861111111111111
0 0.3828125 1.0018518518518518 0.096875 0.08888888888888889
0 0.359375 1.1023148148148147 0.10208333333333333 0.1361111111111111
1 0.4244791666666667 1.186574074074074 0.128125 0.1175925925925926
