0 0.2752604166666667 0.7842592592592592 0.1078125 0.1
2 0.16614583333333333 0.6962962962962963 0.0625 0.16296296296296298
0 0.2557291666666667 0.6347222222222222 0.115625 0.09166666666666666
0 0.215625 0.5504629629629629 0.04583333333333333 0.22685185185185186
0 0.275 0.5476851851851852 0.05 0.16944444444444445
2 0.22369791666666666 0.21157407407407408 0.0640625 0.2175925925925926
0 0.4278645833333333 0.6074074074074074 0.08177083333333333 0.18888888888888888
0 0.42083333333333334 0.5125 0.14895833333333333 0.10092592592592593
1 0.56015625 0.4300925925925926 0.04114583333333333 0.08611111111111111
0 0.5677083333333334 0.33564814814814814 0.1125 0.20833333333333334
1 0.7005208333333334 0.22175925925925927 0.03958333333333333 0.08425925925925926
1 0.7591145833333334 0.1259259259259259 0.0703125 0.2
2 0.8640625 0.21064814814814814 0.06875 0.19537037037037036
1 0.65234375 0.9013888888888889 0.043229166666666666 0.18796296296296297
0 0.7361979166666667 0.8611111111111112 0.11614583333333334 0.12962962962962962
0 0.7171875 0.7564814814814815 0.06145833333333333 0.2537037037037037
0 0.7643229166666666 0.6435185185185185 0.1609375 0.10925925925925926
0 0.7822916666666667 0.7083333333333334 0.05 0.17222222222222222
0 0.8388020833333333 0.75 0.0765625 0.1814814814814815
1 0.8861979166666667 0.6342592592592593 0.06614583333333333 0.22777777777777777
