0 0.2752604166666667 0.21666666666666667 0.1078125 0.1
2 0.16614583333333333 0.30462962962962964 0.0625 0.16296296296296298
0 0.2557291666666667 0.3662037037037037 0.115625 0.09166666666666666
0 0.215625 0.45046296296296295 0.04583333333333333 0.22685185185185186
0 0.275 0.4532407407407407 0.05 0.16944444444444445
2 0.22369791666666666 0.7893518518518519 0.0640625 0.2175925925925926
0 0.4278645833333333 0.39351851851851855 0.08177083333333333 0.18888888888888888
0 0.42083333333333334 0.48842592592592593 0.14895833333333333 0.10092592592592593
1 0.56015625 0.5708333333333333 0.04114583333333333 0.08611111111111111
0 0.5677083333333334 0.6652777777777777 0.1125 0.20833333333333334
1 0.7005208333333334 0.7791666666666667 0.03958333333333333 0.08425925925925926
1 0.7591145833333334 0.875 0.0703125 0.2
2 0.8640625 0.7902777777777777 0.06875 0.19537037037037036
1 0.65234375 0.09953703703703703 0.043229166666666666 0.18796296296296297
0 0.7361979166666667 0.1398148148148148 0.11614583333333334 0.12962962962962962
0 0.7171875 0.24444444444444444 0.06145833333333333 0.2537037037037037
0 0.7643229166666666 0.3574074074074074 0.1609375 0.10925925925925926
0 0.7822916666666667 0.29259259259259257 0.05 0.17222222222222222
0 0.8388020833333333 0.25092592592592594 0.0765625 0.1814814814814815
1 0.8861979166666667 0.36666666666666664 0.06614583333333333 0.22777777777777777
