0 0.7236979166666667 0.21574074074074073 0.11302083333333333 0.1037037037037037
2 0.8317708333333333 0.3050925925925926 0.06041666666666667 0.1675925925925926
0 0.7848958333333333 0.4486111111111111 0.046875 0.22685185185185186
0 0.7442708333333333 0.3680555555555556 0.11666666666666667 0.08981481481481482
0 0.7236979166666667 0.45046296296296295 0.04635416666666667 0.17685185185185184
2 0.7776041666666667 0.7861111111111111 0.065625 0.22407407407407406
1 0.5697916666666667 0.39490740740740743 0.08333333333333333 0.19166666666666668
0 0.5765625 0.49166666666666664 0.146875 0.09814814814814815
1 0.4393229166666667 0.5726851851851852 0.034895833333333334 0.0712962962962963
1 0.428125 0.6648148148148149 0.109375 0.20555555555555555
1 0.2911458333333333 0.7550925925925925 0.041666666666666664 0.05648148148148148
1 0.23177083333333334 0.8708333333333333 0.04895833333333333 0.21574074074074073
2 0.13307291666666668 0.7893518518518519 0.0671875 0.1935185185185185
1 0.34010416666666665 0.09444444444444444 0.035416666666666666 0.18333333333333332
1 0.15885416666666666 0.25046296296296294 0.07083333333333333 0.18611111111111112
1 0.10833333333333334 0.3907407407407407 0.07291666666666667 0.18333333333333332
0 0.26223958333333336 0.1388888888888889 0.11302083333333333 0.12962962962962962
0 0.2786458333333333 0.24351851851851852 0.06354166666666666 0.2518518518518518
0 0.21640625 0.2861111111111111 0.050520833333333334 0.16666666666666666
0 0.23359375 0.3611111111111111 0.15260416666666668 0.10740740740740741
