0 0.33958333333333335 0.8976851851851851 0.058333333333333334 0.20092592592592592
2 0.38984375 1.0898148148148148 0.09427083333333333 0.10740740740740741
0 0.4705729166666667 1.0064814814814815 0.12760416666666666 0.08333333333333333
0 0.42526041666666664 0.9342592592592592 0.050520833333333334 0.2074074074074074
0 0.47161458333333334 0.8976851851851851 0.09947916666666666 0.0824074074074074
2 0.6604166666666667 0.9935185185185185 0.12604166666666666 0.11666666666666667
1 0.44036458333333334 0.6240740740740741 0.1078125 0.14814814814814814
0 0.4947916666666667 0.6361111111111111 0.05520833333333333 0.2611111111111111
1 0.5403645833333334 0.3921296296296296 0.04010416666666667 0.062037037037037036
1 0.5921875 0.37222222222222223 0.115625 0.19444444444444445
1 0.64296875 0.1287037037037037 0.03177083333333333 0.07407407407407407
1 0.7080729166666667 0.023148148148148147 0.12135416666666667 0.08703703703703704
2 0.6622395833333333 -0.15231481481481482 0.10885416666666667 0.11944444444444445
1 0.2713541666666667 0.2152777777777778 0.103125 0.06388888888888888
1 0.35911458333333335 -0.10648148148148148 0.1046875 0.1259259259259259
1 0.43802083333333336 -0.1962962962962963 0.103125 0.12962962962962962
0 0.29635416666666664 0.07731481481481481 0.07291666666666667 0.20092592592592592
0 0.35520833333333335 0.10648148148148148 0.14166666666666666 0.11296296296296296
0 0.37916666666666665 -0.004166666666666667 0.09375 0.08981481481481482
0 0.42135416666666664 0.02638888888888889 0.06041666666666667 0.2712962962962963
