0 0.33958333333333335 0.10324074074074074 0.058333333333333334 0.20092592592592592
2 0.38984375 -0.08888888888888889 0.09427083333333333 0.10740740740740741
0 0.4705729166666667 -0.005555555555555556 0.12760416666666666 0.08333333333333333
0 0.42526041666666664 0.06666666666666667 0.050520833333333334 0.2074074074074074
0 0.47161458333333334 0.10324074074074074 0.09947916666666666 0.0824074074074074
2 0.6604166666666667 0.007407407407407408 0.12604166666666666 0.11666666666666667
1 0.44036458333333334 0.3768518518518518 0.1078125 0.14814814814814814
0 0.4947916666666667 0.3648148148148148 0.05520833333333333 0.2611111111111111
1 0.5403645833333334 0.6087962962962963 0.04010416666666667 0.062037037037037036
1 0.5921875 0.6287037037037037 0.115625 0.19444444444444445
1 0.64296875 0.8722222222222222 0.03177083333333333 0.07407407407407407
1 0.7080729166666667 0.9777777777777777 0.12135416666666667 0.08703703703703704
2 0.6622395833333333 1.1532407407407408 0.10885416666666667 0.11944444444444445
1 0.2713541666666667 0.7851851851851852 0.103125 0.06296296296296296
1 0.35911458333333335 1.1074074074074074 0.1046875 0.1259259259259259
1 0.43802083333333336 1.1972222222222222 0.103125 0.12962962962962962
0 0.29609375 0.9236111111111112 0.0734375 0.20092592592592592
0 0.35520833333333335 0.8944444444444445 0.14166666666666666 0.11296296296296296
0 0.37916666666666665 1.0050925925925926 0.09375 0.08981481481481482
0 0.42135416666666664 0.9745370370370371 0.06041666666666667 0.2712962962962963
