0 0.27682291666666664 0.7851851851851852 0.11302083333333333 0.1037037037037037
2 0.16875 0.6958333333333333 0.06041666666666667 0.1675925925925926
0 0.215625 0.5523148148148148 0.046875 0.22685185185185186
0 0.25625 0.6328703703703704 0.11666666666666667 0.08981481481481482
0 0.27682291666666664 0.5504629629629629 0.04635416666666667 0.17685185185185184
2 0.22291666666666668 0.21481481481481482 0.065625 0.22407407407407406
1 0.43072916666666666 0.6060185185185185 0.08333333333333333 0.19166666666666668
0 0.4239583333333333 0.5092592592592593 0.146875 0.09814814814814815
1 0.5611979166666666 0.42824074074074076 0.034895833333333334 0.0712962962962963
1 0.5723958333333333 0.33611111111111114 0.109375 0.20555555555555555
1 0.709375 0.24583333333333332 0.041666666666666664 0.05648148148148148
1 0.76875 0.1300925925925926 0.04895833333333333 0.21574074074074073
2 0.8674479166666667 0.21157407407407408 0.0671875 0.1935185185185185
1 0.6604166666666667 0.9064814814814814 0.035416666666666666 0.18333333333333332
1 0.8416666666666667 0.750462962962963 0.07083333333333333 0.18611111111111112
1 0.8921875 0.6101851851851852 0.07291666666666667 0.18333333333333332
0 0.73828125 0.862037037037037 0.11302083333333333 0.12962962962962962
0 0.721875 0.7574074074074074 0.06354166666666666 0.2518518518518518
0 0.7841145833333333 0.7148148148148148 0.050520833333333334 0.16666666666666666
0 0.7669270833333334 0.6398148148148148 0.15260416666666668 0.10740740740740741
