0 0.27890625 0.2111111111111111 0.10572916666666667 0.1
2 0.16901041666666666 0.29907407407407405 0.0609375 0.1648148148148148
0 0.25729166666666664 0.36435185185185187 0.115625 0.09537037037037037
0 0.21901041666666668 0.4444444444444444 0.049479166666666664 0.2351851851851852
0 0.27708333333333335 0.449537037037037 0.05 0.16944444444444445
2 0.22291666666666668 0.787962962962963 0.065625 0.21481481481481482
0 0.43020833333333336 0.38981481481481484 0.08229166666666667 0.18518518518518517
0 0.42578125 0.48842592592592593 0.14739583333333334 0.09907407407407408
1 0.6682291666666667 0.09444444444444444 0.041666666666666664 0.18703703703703703
0 0.7419270833333333 0.13287037037037036 0.11614583333333334 0.12314814814814815
0 0.7223958333333333 0.24305555555555555 0.06354166666666666 0.25277777777777777
1 0.8919270833333334 0.39861111111111114 0.07239583333333334 0.1638888888888889
0 0.8408854166666667 0.2462962962962963 0.07239583333333334 0.18518518518518517
0 0.7856770833333333 0.28935185185185186 0.04739583333333333 0.16574074074074074
0 0.7674479166666667 0.3578703703703704 0.15052083333333333 0.11018518518518519
0 0.5604166666666667 0.5717592592592593 0.034375 0.07314814814814814
0 0.5723958333333333 0.6648148148148149 0.11354166666666667 0.20185185185185187
1 0.71171875 0.7726851851851851 0.0421875 0.0787037037037037
0 0.7716145833333333 0.8768518518518519 0.05677083333333333 0.2074074074074074
2 0.86953125 0.7856481481481481 0.06302083333333333 0.19166666666666668
