0 0.6625 0.8939814814814815 0.05625 0.18796296296296297
2 0.6130208333333333 1.089351851851852 0.09270833333333334 0.10833333333333334
0 0.5763020833333333 0.9324074074074075 0.05364583333333333 0.20555555555555555
0 0.53125 1.0004629629629629 0.13229166666666667 0.08796296296296297
0 0.5283854166666667 0.8972222222222223 0.0953125 0.08888888888888889
2 0.3380208333333333 0.9935185185185185 0.12083333333333333 0.11666666666666667
0 0.5619791666666667 0.625 0.10416666666666667 0.14629629629629629
0 0.5065104166666666 0.6328703703703704 0.05572916666666667 0.262037037037037
1 0.728125 0.20185185185185187 0.10520833333333333 0.07407407407407407
0 0.7065104166666667 0.07083333333333333 0.06927083333333334 0.2064814814814815
0 0.64453125 0.10555555555555556 0.1421875 0.11296296296296296
1 0.55703125 -0.19583333333333333 0.0921875 0.1287037037037037
0 0.6427083333333333 -0.1050925925925926 0.10416666666666667 0.1287037037037037
0 0.6184895833333334 -0.006944444444444444 0.09322916666666667 0.08425925925925926
0 0.5799479166666667 0.02546296296296296 0.06197916666666667 0.2675925925925926
0 0.4596354166666667 0.39351851851851855 0.04114583333333333 0.06111111111111111
0 0.40729166666666666 0.37222222222222223 0.11354166666666667 0.20185185185185187
1 0.34661458333333334 0.12453703703703704 0.044270833333333336 0.075
0 0.28802083333333334 0.018055555555555554 0.11666666666666667 0.10092592592592593
2 0.33932291666666664 -0.15601851851851853 0.1078125 0.11203703703703703
