0 0.33697916666666666 0.10694444444444444 0.05625 0.18796296296296297
2 0.38645833333333335 -0.08842592592592592 0.09270833333333334 0.10833333333333334
0 0.4231770833333333 0.06851851851851852 0.05364583333333333 0.20555555555555555
0 0.46822916666666664 0.000462962962962963 0.13229166666666667 0.08796296296296297
0 0.47109375 0.1037037037037037 0.0953125 0.08888888888888889
2 0.6614583333333334 0.007407407407407408 0.12083333333333333 0.11666666666666667
0 0.4375 0.37592592592592594 0.10416666666666667 0.14629629629629629
0 0.49296875 0.3680555555555556 0.05572916666666667 0.262037037037037
1 0.2713541666666667 0.799074074074074 0.10520833333333333 0.07407407407407407
0 0.29270833333333335 0.9300925925925926 0.06979166666666667 0.2064814814814815
0 0.35494791666666664 0.8953703703703704 0.1421875 0.11296296296296296
1 0.44244791666666666 1.1967592592592593 0.0921875 0.1287037037037037
0 0.3567708333333333 1.1060185185185185 0.10416666666666667 0.1287037037037037
0 0.3809895833333333 1.0078703703703704 0.09322916666666667 0.08425925925925926
0 0.41953125 0.975462962962963 0.06197916666666667 0.2675925925925926
0 0.53984375 0.6074074074074074 0.04114583333333333 0.06111111111111111
0 0.5921875 0.6287037037037037 0.11354166666666667 0.20185185185185187
1 0.6528645833333333 0.8763888888888889 0.044270833333333336 0.075
0 0.7114583333333333 0.9828703703703704 0.11666666666666667 0.10092592592592593
2 0.66015625 1.1569444444444446 0.1078125 0.11203703703703703
