0 0.2791666666666667 0.7722222222222223 0.10833333333333334 0.10185185185185185
2 0.16927083333333334 0.6865740740740741 0.059375 0.16203703703703703
0 0.25677083333333334 0.6277777777777778 0.11875 0.08888888888888889
0 0.21666666666666667 0.5416666666666666 0.04895833333333333 0.22777777777777777
0 0.27890625 0.5407407407407407 0.04635416666666667 0.1685185185185185
2 0.22421875 0.2 0.06510416666666667 0.20925925925925926
1 0.4276041666666667 0.5976851851851852 0.07708333333333334 0.18796296296296297
0 0.425 0.5055555555555555 0.14479166666666668 0.08703703703703704
0 0.5609375 0.41759259259259257 0.035416666666666666 0.06296296296296296
1 0.56875 0.32546296296296295 0.11041666666666666 0.20092592592592592
1 0.7059895833333333 0.18888888888888888 0.03697916666666667 0.12407407407407407
1 0.7690104166666667 0.11064814814814815 0.0484375 0.20092592592592592
2 0.865625 0.2013888888888889 0.06770833333333333 0.19166666666666668
1 0.6721354166666667 0.9032407407407408 0.049479166666666664 0.18611111111111112
0 0.7377604166666667 0.8564814814814815 0.1140625 0.12407407407407407
0 0.72109375 0.7462962962962963 0.06197916666666667 0.24814814814814815
0 0.78203125 0.7046296296296296 0.0484375 0.1648148148148148
0 0.83984375 0.7449074074074075 0.07447916666666667 0.1787037037037037
0 0.7651041666666667 0.6324074074074074 0.15625 0.10925925925925926
0 0.8911458333333333 0.5856481481481481 0.07083333333333333 0.14722222222222223
