0 0.6526041666666667 0.8935185185185185 0.057291666666666664 0.1925925925925926
2 0.6044270833333333 1.0888888888888888 0.09114583333333333 0.10555555555555556
0 0.5713541666666667 0.9333333333333333 0.05 0.2111111111111111
0 0.5229166666666667 1.0046296296296295 0.128125 0.08703703703703704
0 0.5223958333333333 0.8939814814814815 0.09479166666666666 0.0824074074074074
2 0.3307291666666667 0.9912037037037037 0.11770833333333333 0.11574074074074074
1 0.5544270833333333 0.6296296296296297 0.10572916666666667 0.13703703703703704
0 0.5026041666666666 0.6342592592592593 0.04895833333333333 0.2574074074074074
0 0.453125 0.3925925925925926 0.035416666666666666 0.06296296296296296
1 0.40130208333333334 0.3787037037037037 0.11302083333333333 0.1962962962962963
1 0.32447916666666665 0.13472222222222222 0.06979166666666667 0.06574074074074074
1 0.28046875 0.022685185185185187 0.11302083333333333 0.08611111111111111
2 0.33151041666666664 -0.14907407407407408 0.1078125 0.12037037037037036
1 0.7263020833333333 0.19490740740740742 0.1046875 0.08796296296296297
0 0.7 0.07824074074074074 0.06979166666666667 0.20277777777777778
0 0.6380208333333334 0.10787037037037037 0.13958333333333334 0.11018518518518519
0 0.6145833333333334 -0.000462962962962963 0.09270833333333334 0.08611111111111111
0 0.6372395833333333 -0.10324074074074074 0.10052083333333334 0.13240740740740742
0 0.5739583333333333 0.02962962962962963 0.06145833333333333 0.2777777777777778
0 0.54765625 -0.19444444444444445 0.0828125 0.1259259259259259
