0 0.346875 0.10740740740740741 0.057291666666666664 0.1925925925925926
2 0.39505208333333336 -0.08796296296296297 0.09114583333333333 0.10555555555555556
0 0.428125 0.06759259259259259 0.05 0.2111111111111111
0 0.4765625 -0.003703703703703704 0.128125 0.08703703703703704
0 0.47708333333333336 0.10694444444444444 0.09479166666666666 0.0824074074074074
2 0.66875 0.009722222222222222 0.11770833333333333 0.11574074074074074
1 0.44505208333333335 0.3712962962962963 0.10572916666666667 0.13703703703703704
0 0.496875 0.36666666666666664 0.04895833333333333 0.2574074074074074
0 0.5463541666666667 0.6083333333333333 0.035416666666666666 0.06296296296296296
1 0.5981770833333333 0.6222222222222222 0.11302083333333333 0.1962962962962963
1 0.675 0.8662037037037037 0.06979166666666667 0.06574074074074074
1 0.7190104166666667 0.9782407407407407 0.11302083333333333 0.08611111111111111
2 0.66796875 1.15 0.1078125 0.12037037037037036
1 0.27317708333333335 0.8060185185185185 0.1046875 0.08796296296296297
0 0.29921875 0.9226851851851852 0.0703125 0.20277777777777778
0 0.3614583333333333 0.8930555555555556 0.13958333333333334 0.11018518518518519
0 0.3848958333333333 1.0013888888888889 0.09270833333333334 0.08611111111111111
0 0.36223958333333334 1.1041666666666667 0.10052083333333334 0.13240740740740742
0 0.42552083333333335 0.9712962962962963 0.06145833333333333 0.2777777777777778
0 0.4518229166666667 1.1953703703703704 0.0828125 0.1259259259259259
