0 0.27734375 0.7712962962962963 0.10989583333333333 0.09814814814814815
2 0.16979166666666667 0.6842592592592592 0.06041666666666667 0.1648148148148148
0 0.25677083333333334 0.6185185185185185 0.11354166666666667 0.09259259259259259
0 0.215625 0.5398148148148149 0.04583333333333333 0.22407407407407406
0 0.27578125 0.5398148148148149 0.0484375 0.1685185185185185
2 0.22421875 0.20277777777777778 0.0671875 0.20555555555555555
0 0.4296875 0.5953703703703703 0.08541666666666667 0.18703703703703703
0 0.42083333333333334 0.49953703703703706 0.14479166666666668 0.09351851851851851
0 0.5580729166666667 0.41574074074074074 0.034895833333333334 0.06296296296296296
0 0.5643229166666667 0.32592592592592595 0.11197916666666667 0.2074074074074074
1 0.7044270833333334 0.22777777777777777 0.049479166666666664 0.05925925925925926
0 0.7653645833333333 0.11574074074074074 0.0515625 0.2
2 0.86015625 0.20416666666666666 0.0671875 0.19537037037037036
1 0.6674479166666667 0.8958333333333334 0.04635416666666667 0.19722222222222222
0 0.7330729166666666 0.8467592592592592 0.1171875 0.125
0 0.7130208333333333 0.7402777777777778 0.06354166666666666 0.23796296296296296
1 0.8325520833333333 0.7412037037037037 0.07447916666666667 0.17314814814814813
1 0.8825520833333333 0.5773148148148148 0.07135416666666666 0.1361111111111111
0 0.7770833333333333 0.6949074074074074 0.051041666666666666 0.15833333333333333
0 0.7580729166666667 0.625462962962963 0.1546875 0.10462962962962963
