0 0.34739583333333335 0.8967592592592593 0.05520833333333333 0.19537037037037036
2 0.3963541666666667 1.087962962962963 0.09270833333333334 0.10740740740740741
0 0.43333333333333335 0.9333333333333333 0.052083333333333336 0.20185185185185187
0 0.47760416666666666 1.0064814814814815 0.12604166666666666 0.08148148148148149
0 0.47760416666666666 0.899537037037037 0.09479166666666666 0.08611111111111111
2 0.6671875 0.9912037037037037 0.115625 0.11944444444444445
0 0.44635416666666666 0.6259259259259259 0.10520833333333333 0.15185185185185185
0 0.5002604166666667 0.6416666666666667 0.05260416666666667 0.2574074074074074
0 0.5473958333333333 0.3976851851851852 0.035416666666666666 0.062037037037037036
0 0.5979166666666667 0.38657407407407407 0.11666666666666667 0.19907407407407407
1 0.653125 0.1375 0.03333333333333333 0.08796296296296297
0 0.7161458333333334 0.029166666666666667 0.1125 0.09166666666666666
2 0.66640625 -0.13935185185185187 0.10989583333333333 0.11944444444444445
1 0.27734375 0.20277777777777778 0.1109375 0.08333333333333333
0 0.30494791666666665 0.08657407407407407 0.0703125 0.20833333333333334
0 0.36484375 0.12222222222222222 0.13385416666666666 0.11296296296296296
1 0.36432291666666666 -0.09027777777777778 0.09739583333333333 0.13240740740740742
1 0.45651041666666664 -0.17916666666666667 0.0765625 0.12685185185185185
0 0.39036458333333335 0.008333333333333333 0.0890625 0.09074074074074075
0 0.42942708333333335 0.04212962962962963 0.058854166666666666 0.275
