0 0.7231770833333333 0.22962962962962963 0.10989583333333333 0.09814814814814815
2 0.8307291666666666 0.31666666666666665 0.06041666666666667 0.1648148148148148
0 0.74375 0.3824074074074074 0.11354166666666667 0.09259259259259259
0 0.7848958333333333 0.46111111111111114 0.04583333333333333 0.22407407407407406
0 0.7247395833333333 0.46111111111111114 0.0484375 0.1685185185185185
2 0.7763020833333333 0.7981481481481482 0.0671875 0.20555555555555555
0 0.5708333333333333 0.40555555555555556 0.08541666666666667 0.18703703703703703
0 0.5796875 0.5013888888888889 0.14479166666666668 0.09351851851851851
0 0.44244791666666666 0.5851851851851851 0.034895833333333334 0.06296296296296296
0 0.4361979166666667 0.675 0.11197916666666667 0.2074074074074074
1 0.29609375 0.7731481481481481 0.049479166666666664 0.05925925925925926
0 0.23515625 0.8851851851851852 0.0515625 0.2
2 0.14036458333333332 0.7967592592592593 0.0671875 0.19537037037037036
1 0.33307291666666666 0.1050925925925926 0.04635416666666667 0.19722222222222222
0 0.2674479166666667 0.15416666666666667 0.1171875 0.125
0 0.2875 0.26064814814814813 0.06354166666666666 0.23796296296296296
1 0.16796875 0.25972222222222224 0.07447916666666667 0.17314814814814813
1 0.11796875 0.4236111111111111 0.07135416666666666 0.1361111111111111
0 0.2234375 0.3060185185185185 0.051041666666666666 0.15833333333333333
0 0.24244791666666668 0.37546296296296294 0.1546875 0.10462962962962963
