0 0.7270833333333333 0.2324074074074074 0.11354166666666667 0.10185185185185185
2 0.8354166666666667 0.3199074074074074 0.06041666666666667 0.16574074074074074
2 0.78046875 0.8037037037037037 0.06822916666666666 0.20925925925925926
0 0.7479166666666667 0.38425925925925924 0.11770833333333333 0.09074074074074075
0 0.7872395833333333 0.4652777777777778 0.050520833333333334 0.22314814814814815
0 0.72890625 0.4666666666666667 0.04635416666666667 0.1685185185185185
0 0.5765625 0.4074074074074074 0.08333333333333333 0.1814814814814815
0 0.58125 0.5074074074074074 0.14791666666666667 0.09814814814814815
0 0.4453125 0.5856481481481481 0.035416666666666666 0.06759259259259259
1 0.4390625 0.6828703703703703 0.11354166666666667 0.2064814814814815
1 0.2869791666666667 0.7842592592592592 0.04479166666666667 0.037037037037037035
1 0.23541666666666666 0.8916666666666667 0.05520833333333333 0.2037037037037037
2 0.14244791666666667 0.8032407407407407 0.0640625 0.19537037037037036
1 0.33567708333333335 0.10416666666666667 0.0453125 0.20462962962962963
1 0.12057291666666667 0.43194444444444446 0.07447916666666667 0.13055555555555556
1 0.27109375 0.16018518518518518 0.1171875 0.12222222222222222
0 0.28671875 0.2652777777777778 0.06510416666666667 0.24722222222222223
0 0.22447916666666667 0.3111111111111111 0.04895833333333333 0.1685185185185185
0 0.17135416666666667 0.26157407407407407 0.07604166666666666 0.16944444444444445
0 0.240625 0.3773148148148148 0.14895833333333333 0.11018518518518519
