0 0.3489583333333333 0.9037037037037037 0.057291666666666664 0.20185185185185187
2 0.39817708333333335 1.0962962962962963 0.09322916666666667 0.10740740740740741
2 0.6703125 0.9986111111111111 0.11770833333333333 0.12129629629629629
0 0.434375 0.9407407407407408 0.051041666666666666 0.20925925925925926
0 0.47994791666666664 1.0106481481481482 0.12552083333333333 0.08981481481481482
0 0.48072916666666665 0.9069444444444444 0.09479166666666666 0.0824074074074074
0 0.4473958333333333 0.6361111111111111 0.10208333333333333 0.14814814814814814
0 0.5036458333333333 0.6444444444444445 0.05520833333333333 0.26296296296296295
0 0.54765625 0.4027777777777778 0.03802083333333333 0.06296296296296296
1 0.60234375 0.39166666666666666 0.11614583333333334 0.20185185185185187
1 0.659375 0.12129629629629629 0.020833333333333332 0.07962962962962963
1 0.7197916666666667 0.02962962962962963 0.11458333333333333 0.09814814814814815
2 0.6700520833333333 -0.13564814814814816 0.10989583333333333 0.11388888888888889
1 0.27682291666666664 0.2074074074074074 0.11510416666666666 0.08148148148148149
1 0.46119791666666665 -0.17453703703703705 0.0734375 0.13240740740740742
1 0.30833333333333335 0.09305555555555556 0.06875 0.20833333333333334
0 0.36744791666666665 0.12083333333333333 0.1390625 0.11574074074074074
0 0.3932291666666667 0.010185185185185186 0.09479166666666666 0.08703703703703704
0 0.3653645833333333 -0.08425925925925926 0.0953125 0.13518518518518519
0 0.43046875 0.03888888888888889 0.06197916666666667 0.26481481481481484
