0 0.3489583333333333 0.09722222222222222 0.057291666666666664 0.20185185185185187
2 0.39817708333333335 -0.09537037037037037 0.09322916666666667 0.10740740740740741
2 0.6703125 0.0023148148148148147 0.11770833333333333 0.12129629629629629
0 0.434375 0.06018518518518518 0.051041666666666666 0.20925925925925926
0 0.47994791666666664 -0.009722222222222222 0.12552083333333333 0.08981481481481482
0 0.48072916666666665 0.09398148148148149 0.09479166666666666 0.0824074074074074
0 0.4473958333333333 0.3648148148148148 0.10208333333333333 0.14814814814814814
0 0.5036458333333333 0.35648148148148145 0.05520833333333333 0.26296296296296295
0 0.54765625 0.5981481481481481 0.03802083333333333 0.06296296296296296
1 0.60234375 0.6092592592592593 0.11614583333333334 0.20185185185185187
1 0.659375 0.8796296296296297 0.020833333333333332 0.07962962962962963
1 0.7197916666666667 0.9712962962962963 0.11458333333333333 0.09814814814814815
2 0.6700520833333333 1.1365740740740742 0.10989583333333333 0.11388888888888889
1 0.27682291666666664 0.7930555555555555 0.11510416666666666 0.08055555555555556
1 0.46119791666666665 1.175462962962963 0.0734375 0.13240740740740742
1 0.30833333333333335 0.9078703703703703 0.06875 0.20833333333333334
0 0.36744791666666665 0.8800925925925925 0.1390625 0.11574074074074074
0 0.3932291666666667 0.9907407407407407 0.09479166666666666 0.08703703703703704
0 0.3653645833333333 1.0851851851851853 0.0953125 0.13518518518518519
0 0.43046875 0.962037037037037 0.06197916666666667 0.26481481481481484
