2 0.16041666666666668 0.3194444444444444 0.06041666666666667 0.15
2 0.21614583333333334 0.7754629629629629 0.0625 0.2064814814814815
0 0.2677083333333333 0.23935185185185184 0.10625 0.09907407407407408
0 0.24401041666666667 0.37453703703703706 0.12447916666666667 0.07685185185185185
0 0.209375 0.45231481481481484 0.052083333333333336 0.21203703703703702
0 0.2669270833333333 0.4638888888888889 0.04635416666666667 0.16296296296296298
1 0.40625 0.40694444444444444 0.08229166666666667 0.1675925925925926
0 0.4044270833333333 0.49537037037037035 0.13697916666666668 0.09259259259259259
1 0.53203125 0.5347222222222222 0.03177083333333333 0.19722222222222222
0 0.5356770833333333 0.6666666666666666 0.10989583333333333 0.1925925925925926
0 0.57890625 0.7194444444444444 0.0296875 0.05925925925925926
1 0.65234375 0.7574074074074074 0.04739583333333333 0.05
1 0.7096354166666666 0.8986111111111111 0.0484375 0.07314814814814814
1 0.8158854166666667 0.7828703703703703 0.06510416666666667 0.1787037037037037
1 0.6265625 0.18518518518518517 0.042708333333333334 0.1814814814814815
1 0.6791666666666667 0.2759259259259259 0.06666666666666667 0.23703703703703705
1 0.71484375 0.17407407407407408 0.07760416666666667 0.12407407407407407
0 0.7966145833333333 0.2851851851851852 0.07447916666666667 0.17592592592592593
0 0.7403645833333333 0.3236111111111111 0.04114583333333333 0.14907407407407408
1 0.7296875 0.3888888888888889 0.1375 0.10185185185185185
1 0.8395833333333333 0.4564814814814815 0.08229166666666667 0.16111111111111112
