2 0.16041666666666668 0.6814814814814815 0.06041666666666667 0.15
2 0.21614583333333334 0.22546296296296298 0.0625 0.2064814814814815
0 0.2677083333333333 0.7615740740740741 0.10625 0.09907407407407408
0 0.24401041666666667 0.6263888888888889 0.12447916666666667 0.07685185185185185
0 0.209375 0.5486111111111112 0.052083333333333336 0.21203703703703702
0 0.2669270833333333 0.5370370370370371 0.04635416666666667 0.16296296296296298
1 0.40625 0.5939814814814814 0.08229166666666667 0.1675925925925926
0 0.4044270833333333 0.5055555555555555 0.13697916666666668 0.09259259259259259
1 0.53203125 0.46620370370370373 0.03177083333333333 0.19722222222222222
0 0.5356770833333333 0.33425925925925926 0.10989583333333333 0.1925925925925926
0 0.57890625 0.2814814814814815 0.0296875 0.05925925925925926
1 0.65234375 0.24351851851851852 0.04739583333333333 0.05
1 0.7096354166666666 0.10231481481481482 0.0484375 0.07314814814814814
1 0.8158854166666667 0.21805555555555556 0.06510416666666667 0.1787037037037037
1 0.6265625 0.8157407407407408 0.042708333333333334 0.1814814814814815
1 0.6791666666666667 0.725 0.06666666666666667 0.23703703703703705
1 0.71484375 0.8268518518518518 0.07760416666666667 0.12407407407407407
0 0.7966145833333333 0.7157407407407408 0.07447916666666667 0.17592592592592593
0 0.7403645833333333 0.6773148148148148 0.04114583333333333 0.14907407407407408
1 0.7296875 0.612037037037037 0.1375 0.10185185185185185
1 0.8395833333333333 0.5444444444444444 0.08229166666666667 0.16111111111111112
