2 0.39791666666666664 -0.1037037037037037 0.084375 0.10740740740740741
2 0.6544270833333333 -0.004629629629629629 0.11614583333333334 0.1111111111111111
0 0.3528645833333333 0.08703703703703704 0.05572916666666667 0.18888888888888888
0 0.42890625 0.04490740740740741 0.043229166666666666 0.2212962962962963
0 0.47265625 -0.016666666666666666 0.11927083333333334 0.09259259259259259
0 0.4791666666666667 0.08564814814814815 0.09166666666666666 0.0824074074074074
1 0.4471354166666667 0.3333333333333333 0.09427083333333333 0.14629629629629629
0 0.496875 0.3300925925925926 0.052083333333333336 0.24351851851851852
1 0.5190104166666667 0.5569444444444445 0.1109375 0.05648148148148148
0 0.5932291666666667 0.5634259259259259 0.10833333333333334 0.19537037037037036
0 0.6229166666666667 0.6402777777777777 0.03333333333333333 0.05277777777777778
1 0.6442708333333333 0.7708333333333334 0.028125 0.08425925925925926
1 0.7236979166666667 0.8726851851851852 0.04114583333333333 0.08611111111111111
1 0.65859375 1.061574074074074 0.10052083333333334 0.11574074074074074
1 0.3223958333333333 0.725 0.10208333333333333 0.07592592592592592
1 0.3734375 0.8185185185185185 0.13333333333333333 0.11851851851851852
1 0.31614583333333335 0.8819444444444444 0.06979166666666667 0.13796296296296295
0 0.37864583333333335 1.0273148148148148 0.09895833333333333 0.13240740740740742
0 0.4002604166666667 0.9273148148148148 0.08385416666666666 0.07314814814814814
1 0.43697916666666664 0.9083333333333333 0.057291666666666664 0.24444444444444444
1 0.475 1.1037037037037036 0.090625 0.14629629629629629
