2 0.6015625 1.1046296296296296 0.084375 0.10740740740740741
2 0.3450520833333333 1.0055555555555555 0.11614583333333334 0.1111111111111111
0 0.6466145833333333 0.9138888888888889 0.05572916666666667 0.18888888888888888
0 0.5705729166666667 0.9560185185185185 0.043229166666666666 0.2212962962962963
0 0.5268229166666667 1.0175925925925926 0.11927083333333334 0.09259259259259259
0 0.5203125 0.9152777777777777 0.09166666666666666 0.0824074074074074
1 0.55234375 0.6675925925925926 0.09427083333333333 0.14629629629629629
0 0.5026041666666666 0.6708333333333333 0.052083333333333336 0.24351851851851852
1 0.48046875 0.4439814814814815 0.1109375 0.05648148148148148
0 0.40625 0.4375 0.10833333333333334 0.19537037037037036
0 0.3765625 0.36064814814814816 0.03333333333333333 0.05277777777777778
1 0.35520833333333335 0.2300925925925926 0.028125 0.08425925925925926
1 0.27578125 0.12777777777777777 0.04114583333333333 0.08703703703703704
1 0.34088541666666666 -0.060648148148148145 0.10052083333333334 0.11574074074074074
1 0.6770833333333334 0.2759259259259259 0.10208333333333333 0.07592592592592592
1 0.6260416666666667 0.1824074074074074 0.13333333333333333 0.11851851851851852
1 0.6833333333333333 0.11898148148148148 0.06979166666666667 0.13796296296296295
0 0.6208333333333333 -0.02638888888888889 0.09895833333333333 0.13240740740740742
0 0.59921875 0.07361111111111111 0.08385416666666666 0.07314814814814814
1 0.5625 0.09259259259259259 0.057291666666666664 0.24444444444444444
1 0.5244791666666667 -0.10277777777777777 0.090625 0.14629629629629629
