0 0.346875 0.899537037037037 0.058333333333333334 0.1935185185185185
2 0.39427083333333335 1.0921296296296297 0.08854166666666667 0.10277777777777777
0 0.47604166666666664 1.0074074074074073 0.12916666666666668 0.08333333333333333
0 0.43255208333333334 0.9393518518518519 0.05364583333333333 0.20462962962962963
0 0.4783854166666667 0.9023148148148148 0.09635416666666667 0.08611111111111111
2 0.6703125 0.9949074074074075 0.11666666666666667 0.11944444444444445
0 0.44609375 0.6347222222222222 0.1046875 0.14351851851851852
0 0.5005208333333333 0.6412037037037037 0.059375 0.2657407407407407
1 0.2747395833333333 0.20555555555555555 0.10052083333333334 0.0962962962962963
0 0.54921875 0.40370370370370373 0.0421875 0.06666666666666667
1 0.5973958333333333 0.3861111111111111 0.115625 0.19814814814814816
1 0.6658854166666667 0.12037037037037036 0.05260416666666667 0.10925925925925926
1 0.7067708333333333 -0.0023148148148148147 0.13645833333333332 0.1675925925925926
2 0.6677083333333333 -0.13796296296296295 0.10729166666666666 0.11481481481481481
0 0.30703125 0.08981481481481482 0.07135416666666666 0.20555555555555555
0 0.36614583333333334 0.12268518518518519 0.14166666666666666 0.11203703703703703
0 0.39140625 0.009259259259259259 0.0921875 0.08518518518518518
0 0.42942708333333335 0.04212962962962963 0.059895833333333336 0.2712962962962963
1 0.3653645833333333 -0.08101851851851852 0.0984375 0.1287037037037037
1 0.4583333333333333 -0.17546296296296296 0.071875 0.13055555555555556
