0 0.27578125 0.7722222222222223 0.10885416666666667 0.1037037037037037
2 0.16744791666666667 0.687962962962963 0.0578125 0.1574074074074074
0 0.21510416666666668 0.5425925925925926 0.046875 0.22962962962962963
0 0.25338541666666664 0.6199074074074075 0.11510416666666666 0.09537037037037037
0 0.27421875 0.538425925925926 0.0484375 0.1712962962962963
2 0.22213541666666667 0.19722222222222222 0.0671875 0.2074074074074074
0 0.42473958333333334 0.5958333333333333 0.08072916666666667 0.18611111111111112
0 0.42109375 0.49907407407407406 0.14947916666666666 0.10555555555555556
1 0.6658854166666667 0.9004629629629629 0.05364583333333333 0.1787037037037037
0 0.5546875 0.4125 0.0375 0.075
1 0.5645833333333333 0.32685185185185184 0.11145833333333334 0.20555555555555555
1 0.7140625 0.2050925925925926 0.06145833333333333 0.09351851851851851
1 0.7830729166666667 0.13240740740740742 0.09427083333333333 0.24259259259259258
2 0.859375 0.20185185185185187 0.06458333333333334 0.19074074074074074
0 0.73125 0.8430555555555556 0.115625 0.12685185185185185
0 0.7127604166666667 0.7379629629629629 0.06302083333333333 0.2518518518518518
0 0.7765625 0.6930555555555555 0.04791666666666667 0.1638888888888889
0 0.7580729166666667 0.625462962962963 0.15260416666666668 0.10648148148148148
1 0.82734375 0.7393518518518518 0.07239583333333334 0.175
1 0.88046875 0.5740740740740741 0.0734375 0.12777777777777777
