0 0.6526041666666667 0.899537037037037 0.058333333333333334 0.1935185185185185
2 0.6052083333333333 1.0921296296296297 0.08854166666666667 0.10277777777777777
0 0.5234375 1.0074074074074073 0.12916666666666668 0.08333333333333333
0 0.5669270833333333 0.9393518518518519 0.05364583333333333 0.20462962962962963
0 0.52109375 0.9023148148148148 0.09635416666666667 0.08611111111111111
2 0.32916666666666666 0.9949074074074075 0.11666666666666667 0.11944444444444445
0 0.5533854166666666 0.6347222222222222 0.1046875 0.14351851851851852
0 0.49895833333333334 0.6412037037037037 0.059375 0.2657407407407407
1 0.7247395833333333 0.20601851851851852 0.10052083333333334 0.09537037037037037
0 0.45026041666666666 0.40370370370370373 0.0421875 0.06666666666666667
1 0.40208333333333335 0.3861111111111111 0.115625 0.19814814814814816
1 0.33359375 0.12037037037037036 0.05260416666666667 0.10925925925925926
1 0.29270833333333335 -0.0023148148148148147 0.13645833333333332 0.1675925925925926
2 0.33177083333333335 -0.13796296296296295 0.10729166666666666 0.11481481481481481
0 0.6924479166666667 0.08981481481481482 0.07135416666666666 0.20555555555555555
0 0.6333333333333333 0.12268518518518519 0.14166666666666666 0.11203703703703703
0 0.6080729166666666 0.009259259259259259 0.0921875 0.08518518518518518
0 0.5700520833333333 0.04212962962962963 0.059895833333333336 0.2712962962962963
1 0.6341145833333334 -0.08101851851851852 0.0984375 0.1287037037037037
1 0.5411458333333333 -0.17546296296296296 0.071875 0.13055555555555556
