0 0.7247395833333333 0.22870370370370371 0.10885416666666667 0.1037037037037037
2 0.8330729166666667 0.31296296296296294 0.0578125 0.1574074074074074
0 0.7854166666666667 0.4583333333333333 0.046875 0.22962962962962963
0 0.7471354166666667 0.38101851851851853 0.11510416666666666 0.09537037037037037
0 0.7263020833333333 0.4625 0.0484375 0.1712962962962963
2 0.7783854166666667 0.8037037037037037 0.0671875 0.2074074074074074
0 0.57578125 0.4050925925925926 0.08072916666666667 0.18611111111111112
0 0.5794270833333334 0.5018518518518519 0.14947916666666666 0.10555555555555556
1 0.3346354166666667 0.10046296296296296 0.05364583333333333 0.1787037037037037
0 0.44583333333333336 0.5884259259259259 0.0375 0.075
1 0.4359375 0.674074074074074 0.11145833333333334 0.20555555555555555
1 0.2864583333333333 0.7958333333333333 0.06145833333333333 0.09351851851851851
1 0.21744791666666666 0.8685185185185185 0.09427083333333333 0.24259259259259258
2 0.14114583333333333 0.799074074074074 0.06458333333333334 0.19074074074074074
0 0.26927083333333335 0.15787037037037038 0.115625 0.12685185185185185
0 0.2877604166666667 0.26296296296296295 0.06302083333333333 0.2518518518518518
0 0.22395833333333334 0.30787037037037035 0.04791666666666667 0.1638888888888889
0 0.24244791666666668 0.37546296296296294 0.15260416666666668 0.10648148148148148
1 0.17317708333333334 0.26157407407407407 0.07239583333333334 0.175
1 0.12005208333333334 0.42685185185185187 0.0734375 0.12777777777777777
