0 0.2752604166666667 0.22824074074074074 0.1078125 0.10277777777777777
2 0.16796875 0.31342592592592594 0.05677083333333333 0.17314814814814813
0 0.25338541666666664 0.37962962962962965 0.11822916666666666 0.09259259259259259
0 0.21328125 0.45740740740740743 0.050520833333333334 0.22777777777777777
0 0.2755208333333333 0.4615740740740741 0.04895833333333333 0.17314814814814813
2 0.21901041666666668 0.8009259259259259 0.06822916666666666 0.20925925925925926
0 0.4236979166666667 0.4060185185185185 0.0828125 0.1787037037037037
0 0.4192708333333333 0.4981481481481482 0.14583333333333334 0.1
0 0.55859375 0.5791666666666667 0.0359375 0.06944444444444445
1 0.5651041666666666 0.6763888888888889 0.11458333333333333 0.20462962962962963
1 0.73125 0.8143518518518519 0.06145833333333333 0.10833333333333334
1 0.7893229166666667 0.8578703703703704 0.10260416666666666 0.2324074074074074
2 0.8580729166666666 0.7986111111111112 0.0640625 0.18425925925925926
1 0.6690104166666667 0.09444444444444444 0.05260416666666667 0.17962962962962964
0 0.7302083333333333 0.1537037037037037 0.11145833333333334 0.13333333333333333
0 0.7135416666666666 0.2601851851851852 0.06145833333333333 0.25
0 0.7755208333333333 0.3037037037037037 0.051041666666666666 0.1648148148148148
1 0.8299479166666667 0.2611111111111111 0.07447916666666667 0.17407407407407408
0 0.7609375 0.37222222222222223 0.15208333333333332 0.11296296296296296
1 0.8822916666666667 0.4273148148148148 0.07708333333333334 0.13425925925925927
