0 0.6528645833333333 0.9004629629629629 0.0578125 0.19166666666666668
2 0.6049479166666667 1.0912037037037037 0.09739583333333333 0.10092592592592593
0 0.5677083333333334 0.9393518518518519 0.052083333333333336 0.2101851851851852
0 0.5239583333333333 1.0106481481481482 0.128125 0.08981481481481482
0 0.5216145833333333 0.9 0.09739583333333333 0.08703703703703704
2 0.3307291666666667 1.0004629629629629 0.11770833333333333 0.12129629629629629
0 0.5528645833333333 0.6365740740740741 0.10052083333333334 0.14722222222222223
0 0.5010416666666667 0.6444444444444445 0.05625 0.25925925925925924
0 0.45546875 0.39675925925925926 0.0390625 0.06388888888888888
1 0.40078125 0.3851851851851852 0.11510416666666666 0.2037037037037037
1 0.32317708333333334 0.08981481481481482 0.0609375 0.10925925925925926
1 0.2986979166666667 -0.013425925925925926 0.13072916666666667 0.1824074074074074
2 0.33203125 -0.13564814814814816 0.10364583333333334 0.11388888888888889
1 0.728125 0.20046296296296295 0.10104166666666667 0.09351851851851851
0 0.6947916666666667 0.09166666666666666 0.075 0.19814814814814816
0 0.6348958333333333 0.12129629629629629 0.140625 0.10925925925925926
0 0.6104166666666667 0.011111111111111112 0.09270833333333334 0.09074074074074075
1 0.634375 -0.08564814814814815 0.09791666666666667 0.13240740740740742
0 0.571875 0.037037037037037035 0.06354166666666666 0.27037037037037037
1 0.5408854166666667 -0.1787037037037037 0.07552083333333333 0.13703703703703704
