0 0.2752604166666667 0.7726851851851851 0.1078125 0.10277777777777777
2 0.16796875 0.6875 0.05677083333333333 0.17314814814814813
0 0.25338541666666664 0.6212962962962963 0.11822916666666666 0.09259259259259259
0 0.21328125 0.5435185185185185 0.050520833333333334 0.22777777777777777
0 0.2755208333333333 0.5393518518518519 0.04895833333333333 0.17314814814814813
2 0.21901041666666668 0.2 0.06822916666666666 0.20925925925925926
0 0.4236979166666667 0.5949074074074074 0.0828125 0.1787037037037037
0 0.4192708333333333 0.5027777777777778 0.14583333333333334 0.1
0 0.55859375 0.4217592592592593 0.0359375 0.06944444444444445
1 0.5651041666666666 0.324537037037037 0.11458333333333333 0.20462962962962963
1 0.73125 0.1865740740740741 0.06145833333333333 0.10833333333333334
1 0.7893229166666667 0.14305555555555555 0.10260416666666666 0.2324074074074074
2 0.8580729166666666 0.2023148148148148 0.0640625 0.18425925925925926
1 0.6690104166666667 0.9064814814814814 0.05260416666666667 0.17962962962962964
0 0.7302083333333333 0.8472222222222222 0.11145833333333334 0.13333333333333333
0 0.7135416666666666 0.7407407407407407 0.06145833333333333 0.25
0 0.7755208333333333 0.6972222222222222 0.051041666666666666 0.1648148148148148
1 0.8299479166666667 0.7398148148148148 0.07447916666666667 0.17407407407407408
0 0.7609375 0.6287037037037037 0.15208333333333332 0.11296296296296296
1 0.8822916666666667 0.5736111111111111 0.07708333333333334 0.13425925925925927
