0 0.34661458333333334 0.10046296296296296 0.0578125 0.19166666666666668
2 0.39453125 -0.09027777777777778 0.09739583333333333 0.10092592592592593
0 0.4317708333333333 0.06157407407407407 0.052083333333333336 0.2101851851851852
0 0.47552083333333334 -0.009722222222222222 0.128125 0.08981481481481482
0 0.4778645833333333 0.10092592592592593 0.09739583333333333 0.08703703703703704
2 0.66875 0.000462962962962963 0.11770833333333333 0.12129629629629629
0 0.4466145833333333 0.36435185185185187 0.10052083333333334 0.14722222222222223
0 0.4984375 0.35648148148148145 0.05625 0.25925925925925924
0 0.5440104166666667 0.6041666666666666 0.0390625 0.06388888888888888
1 0.5986979166666667 0.6157407407407407 0.11510416666666666 0.2037037037037037
1 0.6763020833333333 0.9111111111111111 0.0609375 0.10925925925925926
1 0.70078125 1.014351851851852 0.13072916666666667 0.1824074074074074
2 0.6674479166666667 1.1365740740740742 0.10364583333333334 0.11388888888888889
1 0.2713541666666667 0.8004629629629629 0.10104166666666667 0.09351851851851851
0 0.3046875 0.9092592592592592 0.075 0.19814814814814816
0 0.3645833333333333 0.8796296296296297 0.140625 0.10925925925925926
0 0.3890625 0.9898148148148148 0.09270833333333334 0.09074074074074075
1 0.3651041666666667 1.0865740740740741 0.09791666666666667 0.13240740740740742
0 0.4276041666666667 0.9638888888888889 0.06354166666666666 0.27037037037037037
1 0.45859375 1.1796296296296296 0.07552083333333333 0.13703703703703704
