0 0.3489583333333333 0.899537037037037 0.057291666666666664 0.18796296296296297
2 0.3971354166666667 1.0898148148148148 0.0953125 0.10555555555555556
2 0.6692708333333334 0.9935185185185185 0.11458333333333333 0.11296296296296296
0 0.4328125 0.9310185185185185 0.05416666666666667 0.2101851851851852
0 0.4783854166666667 1.0069444444444444 0.1265625 0.09166666666666666
0 0.48020833333333335 0.9013888888888889 0.09479166666666666 0.08611111111111111
1 0.44557291666666665 0.6347222222222222 0.1015625 0.14351851851851852
0 0.5010416666666667 0.6453703703703704 0.05416666666666667 0.2574074074074074
0 0.5489583333333333 0.399537037037037 0.040625 0.06388888888888888
0 0.6002604166666666 0.38472222222222224 0.11510416666666666 0.1935185185185185
1 0.6796875 0.07453703703703704 0.06041666666666667 0.1175925925925926
1 0.6942708333333333 -0.031018518518518518 0.12083333333333333 0.15833333333333333
2 0.6713541666666667 -0.1388888888888889 0.10416666666666667 0.12222222222222222
1 0.27291666666666664 0.2023148148148148 0.10416666666666667 0.08796296296296297
0 0.3065104166666667 0.08981481481481482 0.06510416666666667 0.20185185185185187
0 0.36614583333333334 0.11712962962962963 0.13854166666666667 0.11203703703703703
0 0.3924479166666667 0.010185185185185186 0.09010416666666667 0.08888888888888889
0 0.36692708333333335 -0.08935185185185185 0.0953125 0.1287037037037037
0 0.4296875 0.03796296296296296 0.0625 0.26481481481481484
0 0.46197916666666666 -0.17592592592592593 0.07604166666666666 0.12962962962962962
