0 0.3489583333333333 0.10138888888888889 0.057291666666666664 0.18796296296296297
2 0.3971354166666667 -0.08888888888888889 0.0953125 0.10555555555555556
2 0.6692708333333334 0.007407407407407408 0.11458333333333333 0.11296296296296296
0 0.4328125 0.0699074074074074 0.05416666666666667 0.2101851851851852
0 0.4783854166666667 -0.0060185185185185185 0.1265625 0.09166666666666666
0 0.48020833333333335 0.09953703703703703 0.09479166666666666 0.08611111111111111
1 0.44557291666666665 0.3662037037037037 0.1015625 0.14351851851851852
0 0.5010416666666667 0.35555555555555557 0.05416666666666667 0.2574074074074074
0 0.5489583333333333 0.6013888888888889 0.040625 0.06388888888888888
0 0.6002604166666666 0.6162037037037037 0.11510416666666666 0.1935185185185185
1 0.6796875 0.9263888888888889 0.06041666666666667 0.1175925925925926
1 0.6942708333333333 1.0319444444444446 0.12083333333333333 0.15833333333333333
2 0.6713541666666667 1.1398148148148148 0.10416666666666667 0.12222222222222222
1 0.27291666666666664 0.7981481481481482 0.10416666666666667 0.08703703703703704
0 0.3065104166666667 0.9111111111111111 0.06510416666666667 0.20185185185185187
0 0.36614583333333334 0.8837962962962963 0.13854166666666667 0.11203703703703703
0 0.3924479166666667 0.9907407407407407 0.09010416666666667 0.08888888888888889
0 0.36692708333333335 1.0902777777777777 0.0953125 0.1287037037037037
0 0.4296875 0.9629629629629629 0.0625 0.26481481481481484
0 0.46197916666666666 1.1768518518518518 0.07604166666666666 0.12962962962962962
