0 0.27578125 0.7685185185185185 0.10572916666666667 0.10185185185185185
2 0.16875 0.6828703703703703 0.059375 0.16944444444444445
2 0.22291666666666668 0.19907407407407407 0.06354166666666666 0.2037037037037037
0 0.25807291666666665 0.6194444444444445 0.11822916666666666 0.0962962962962963
0 0.21536458333333333 0.538425925925926 0.0515625 0.225
0 0.2747395833333333 0.5351851851851852 0.0484375 0.1685185185185185
1 0.42473958333333334 0.5967592592592592 0.08072916666666667 0.18055555555555555
0 0.41875 0.4981481481481482 0.14479166666666668 0.0962962962962963
0 0.55703125 0.412962962962963 0.0359375 0.07222222222222222
0 0.5653645833333333 0.32175925925925924 0.10885416666666667 0.20462962962962963
1 0.73984375 0.18055555555555555 0.06614583333333333 0.10740740740740741
1 0.79921875 0.15462962962962962 0.0890625 0.21481481481481482
2 0.8598958333333333 0.19537037037037036 0.06875 0.18518518518518517
1 0.6677083333333333 0.9037037037037037 0.04895833333333333 0.18518518518518517
0 0.73125 0.8439814814814814 0.11354166666666667 0.11574074074074074
0 0.7158854166666667 0.7379629629629629 0.06302083333333333 0.2462962962962963
0 0.7760416666666666 0.6912037037037037 0.05 0.16018518518518518
0 0.83203125 0.736574074074074 0.07239583333333334 0.16944444444444445
0 0.7604166666666666 0.625 0.14895833333333333 0.1111111111111111
0 0.8807291666666667 0.5675925925925925 0.07291666666666667 0.13518518518518519
