0 0.27578125 0.2324074074074074 0.10572916666666667 0.10185185185185185
2 0.16875 0.31805555555555554 0.059375 0.16944444444444445
2 0.22291666666666668 0.8018518518518518 0.06354166666666666 0.2037037037037037
0 0.25807291666666665 0.3814814814814815 0.11822916666666666 0.0962962962962963
0 0.21536458333333333 0.4625 0.0515625 0.225
0 0.2747395833333333 0.46574074074074073 0.0484375 0.1685185185185185
1 0.42473958333333334 0.4041666666666667 0.08072916666666667 0.18055555555555555
0 0.41875 0.5027777777777778 0.14479166666666668 0.0962962962962963
0 0.55703125 0.5879629629629629 0.0359375 0.07222222222222222
0 0.5653645833333333 0.6791666666666667 0.10885416666666667 0.20462962962962963
1 0.73984375 0.8203703703703704 0.06614583333333333 0.10740740740740741
1 0.79921875 0.8462962962962963 0.0890625 0.21481481481481482
2 0.8598958333333333 0.8055555555555556 0.06875 0.18518518518518517
1 0.6677083333333333 0.09722222222222222 0.04895833333333333 0.18518518518518517
0 0.73125 0.15694444444444444 0.11354166666666667 0.11574074074074074
0 0.7158854166666667 0.26296296296296295 0.06302083333333333 0.2462962962962963
0 0.7760416666666666 0.30972222222222223 0.05 0.16018518518518518
0 0.83203125 0.26435185185185184 0.07239583333333334 0.16944444444444445
0 0.7604166666666666 0.37592592592592594 0.14895833333333333 0.1111111111111111
0 0.8807291666666667 0.43333333333333335 0.07291666666666667 0.13518518518518519
