0 0.34739583333333335 0.8958333333333334 0.05625 0.19722222222222222
2 0.3932291666666667 1.0888888888888888 0.09479166666666666 0.10555555555555556
0 0.42994791666666665 0.9347222222222222 0.0515625 0.21574074074074073
0 0.47630208333333335 1.0092592592592593 0.1265625 0.08333333333333333
0 0.4778645833333333 0.899537037037037 0.09635416666666667 0.09351851851851851
2 0.6661458333333333 0.9925925925925926 0.12083333333333333 0.12407407407407407
0 0.44296875 0.6356481481481482 0.09635416666666667 0.13796296296296295
0 0.4984375 0.6425925925925926 0.052083333333333336 0.2574074074074074
1 0.5463541666666667 0.39814814814814814 0.040625 0.05925925925925926
1 0.59765625 0.3875 0.11302083333333333 0.1935185185185185
1 0.68046875 0.08101851851851852 0.07447916666666667 0.08981481481481482
1 0.68671875 -0.03518518518518519 0.12239583333333333 0.1685185185185185
2 0.6643229166666667 -0.14166666666666666 0.10364583333333334 0.11851851851851852
1 0.2671875 0.20046296296296295 0.096875 0.0824074074074074
1 0.36276041666666664 -0.08611111111111111 0.09010416666666667 0.1259259259259259
0 0.30520833333333336 0.08611111111111111 0.07395833333333333 0.20555555555555555
0 0.36302083333333335 0.12268518518518519 0.14166666666666666 0.11203703703703703
0 0.38645833333333335 0.011574074074074073 0.09791666666666667 0.08425925925925926
0 0.4278645833333333 0.0375 0.06302083333333333 0.2675925925925926
0 0.4588541666666667 -0.18472222222222223 0.07083333333333333 0.13240740740740742
