0 0.72265625 0.22962962962962963 0.1109375 0.1
2 0.83125 0.3111111111111111 0.059375 0.1685185185185185
0 0.74453125 0.3763888888888889 0.12135416666666667 0.09166666666666666
0 0.7864583333333334 0.4587962962962963 0.046875 0.225
0 0.7247395833333333 0.4615740740740741 0.05260416666666667 0.1712962962962963
2 0.7770833333333333 0.7962962962962963 0.06979166666666667 0.21481481481481482
0 0.5763020833333333 0.399537037037037 0.07760416666666667 0.1712962962962963
0 0.5802083333333333 0.4981481481481482 0.14479166666666668 0.09259259259259259
1 0.4427083333333333 0.5833333333333334 0.03333333333333333 0.07222222222222222
1 0.43671875 0.674537037037037 0.10885416666666667 0.20092592592592592
1 0.2643229166666667 0.8217592592592593 0.050520833333333334 0.13240740740740742
1 0.19895833333333332 0.8328703703703704 0.09479166666666666 0.2175925925925926
2 0.1390625 0.7930555555555555 0.06666666666666667 0.18425925925925926
1 0.33177083333333335 0.08703703703703704 0.04583333333333333 0.17222222222222222
1 0.1703125 0.2569444444444444 0.07083333333333333 0.16018518518518518
0 0.2671875 0.15462962962962962 0.115625 0.13148148148148148
0 0.2877604166666667 0.2574074074074074 0.06302083333333333 0.2518518518518518
0 0.22526041666666666 0.29907407407407405 0.04739583333333333 0.17407407407407408
0 0.23984375 0.3726851851851852 0.15052083333333333 0.11203703703703703
0 0.11484375 0.42777777777777776 0.07447916666666667 0.1259259259259259
