0 0.34739583333333335 0.1050925925925926 0.05625 0.19722222222222222
2 0.3932291666666667 -0.08796296296296297 0.09479166666666666 0.10555555555555556
0 0.42994791666666665 0.06620370370370371 0.0515625 0.21574074074074073
0 0.47630208333333335 -0.008333333333333333 0.1265625 0.08333333333333333
0 0.4778645833333333 0.10138888888888889 0.09635416666666667 0.09351851851851851
2 0.6661458333333333 0.008333333333333333 0.12083333333333333 0.12407407407407407
0 0.44296875 0.36527777777777776 0.09635416666666667 0.13796296296296295
0 0.4984375 0.35833333333333334 0.052083333333333336 0.2574074074074074
1 0.5463541666666667 0.6027777777777777 0.040625 0.05925925925925926
1 0.59765625 0.6134259259259259 0.11302083333333333 0.1935185185185185
1 0.68046875 0.9199074074074074 0.07447916666666667 0.08981481481481482
1 0.68671875 1.0361111111111112 0.12239583333333333 0.1685185185185185
2 0.6643229166666667 1.1425925925925926 0.10364583333333334 0.11851851851851852
1 0.2671875 0.8 0.096875 0.08148148148148149
1 0.36276041666666664 1.087037037037037 0.09010416666666667 0.1259259259259259
0 0.30520833333333336 0.9148148148148149 0.07395833333333333 0.20555555555555555
0 0.36302083333333335 0.8782407407407408 0.14166666666666666 0.11203703703703703
0 0.38645833333333335 0.9893518518518518 0.09791666666666667 0.08425925925925926
0 0.4278645833333333 0.9634259259259259 0.06302083333333333 0.2675925925925926
0 0.4588541666666667 1.1856481481481482 0.07083333333333333 0.13240740740740742
