0 0.27447916666666666 0.7708333333333334 0.109375 0.09907407407407408
2 0.22161458333333334 0.19583333333333333 0.06614583333333333 0.21203703703703702
2 0.16770833333333332 0.6861111111111111 0.059375 0.16296296296296298
0 0.25494791666666666 0.6185185185185185 0.11614583333333334 0.09259259259259259
0 0.21588541666666666 0.5425925925925926 0.0484375 0.22962962962962963
0 0.27395833333333336 0.5333333333333333 0.04791666666666667 0.17777777777777778
0 0.425 0.6027777777777777 0.08020833333333334 0.17777777777777778
0 0.4200520833333333 0.49722222222222223 0.14947916666666666 0.0962962962962963
1 0.5578125 0.4212962962962963 0.03333333333333333 0.06851851851851852
0 0.5653645833333333 0.32314814814814813 0.10989583333333333 0.20185185185185187
1 0.678125 0.9050925925925926 0.065625 0.18055555555555555
1 0.7359375 0.16805555555555557 0.05416666666666667 0.15833333333333333
1 0.8072916666666666 0.1712962962962963 0.10208333333333333 0.2351851851851852
2 0.8606770833333334 0.2 0.07135416666666666 0.18703703703703703
0 0.7330729166666666 0.8439814814814814 0.11614583333333334 0.12685185185185185
0 0.7143229166666667 0.7379629629629629 0.0640625 0.2518518518518518
0 0.7786458333333334 0.6967592592592593 0.051041666666666666 0.1675925925925926
1 0.8296875 0.7425925925925926 0.07083333333333333 0.1685185185185185
1 0.8841145833333334 0.5703703703703704 0.07447916666666667 0.12777777777777777
0 0.7622395833333333 0.6291666666666667 0.15052083333333333 0.11203703703703703
