0 0.34765625 0.09907407407407408 0.05572916666666667 0.19444444444444445
2 0.67109375 0.005092592592592593 0.11927083333333334 0.1175925925925926
2 0.3953125 -0.09074074074074075 0.09166666666666666 0.10555555555555556
0 0.43333333333333335 0.06435185185185185 0.052083333333333336 0.2064814814814815
0 0.47604166666666664 -0.005092592592592593 0.12916666666666668 0.08611111111111111
0 0.48125 0.09814814814814815 0.1 0.08518518518518518
0 0.4421875 0.36666666666666664 0.1 0.1425925925925926
0 0.5015625 0.3578703703703704 0.05416666666666667 0.2657407407407407
1 0.5442708333333334 0.6027777777777777 0.03854166666666667 0.05925925925925926
0 0.5994791666666667 0.6162037037037037 0.11354166666666667 0.19537037037037036
1 0.2721354166666667 0.8166666666666667 0.1015625 0.11666666666666667
1 0.68671875 0.9194444444444444 0.0890625 0.0962962962962963
1 0.6848958333333334 1.0462962962962963 0.13229166666666667 0.1814814814814815
2 0.66875 1.1412037037037037 0.10520833333333333 0.12685185185185185
0 0.3065104166666667 0.9143518518518519 0.07135416666666666 0.2064814814814815
0 0.36614583333333334 0.8810185185185185 0.14166666666666666 0.11388888888888889
0 0.3893229166666667 0.9953703703703703 0.09427083333333333 0.09074074074074075
1 0.36354166666666665 1.086111111111111 0.09479166666666666 0.1259259259259259
1 0.46041666666666664 1.1828703703703705 0.071875 0.13240740740740742
0 0.42734375 0.9662037037037037 0.06302083333333333 0.2675925925925926
