0 0.27447916666666666 0.2300925925925926 0.109375 0.09907407407407408
2 0.22161458333333334 0.8050925925925926 0.06614583333333333 0.21203703703703702
2 0.16770833333333332 0.3148148148148148 0.059375 0.16296296296296298
0 0.25494791666666666 0.3824074074074074 0.11614583333333334 0.09259259259259259
0 0.21588541666666666 0.4583333333333333 0.0484375 0.22962962962962963
0 0.27395833333333336 0.4675925925925926 0.04791666666666667 0.17777777777777778
0 0.425 0.39814814814814814 0.08020833333333334 0.17777777777777778
0 0.4200520833333333 0.5037037037037037 0.14947916666666666 0.0962962962962963
1 0.5578125 0.5796296296296296 0.03333333333333333 0.06851851851851852
0 0.5653645833333333 0.6777777777777778 0.10989583333333333 0.20185185185185187
1 0.678125 0.09583333333333334 0.065625 0.18055555555555555
1 0.7359375 0.8328703703703704 0.05416666666666667 0.15833333333333333
1 0.8072916666666666 0.8296296296296296 0.10208333333333333 0.2351851851851852
2 0.8606770833333334 0.8009259259259259 0.07135416666666666 0.18703703703703703
0 0.7330729166666666 0.15694444444444444 0.11614583333333334 0.12685185185185185
0 0.7143229166666667 0.26296296296296295 0.0640625 0.2518518518518518
0 0.7786458333333334 0.30416666666666664 0.051041666666666666 0.1675925925925926
1 0.8296875 0.25833333333333336 0.07083333333333333 0.1685185185185185
1 0.8841145833333334 0.4305555555555556 0.07447916666666667 0.12777777777777777
0 0.7622395833333333 0.37175925925925923 0.15052083333333333 0.11203703703703703
