0 0.6518229166666667 0.9018518518518519 0.05572916666666667 0.19444444444444445
2 0.32838541666666665 0.9958333333333333 0.11927083333333334 0.1175925925925926
2 0.6041666666666666 1.0916666666666666 0.09166666666666666 0.10555555555555556
0 0.5661458333333333 0.9365740740740741 0.052083333333333336 0.2064814814814815
0 0.5234375 1.0060185185185184 0.12916666666666668 0.08611111111111111
0 0.5182291666666666 0.9027777777777778 0.1 0.08518518518518518
0 0.5572916666666666 0.6342592592592593 0.1 0.1425925925925926
0 0.4979166666666667 0.6430555555555556 0.05416666666666667 0.2657407407407407
1 0.4552083333333333 0.39814814814814814 0.03854166666666667 0.05925925925925926
0 0.4 0.38472222222222224 0.11354166666666667 0.19537037037037036
1 0.72734375 0.18425925925925926 0.1015625 0.11666666666666667
1 0.31276041666666665 0.08148148148148149 0.0890625 0.0962962962962963
1 0.3145833333333333 -0.04537037037037037 0.13229166666666667 0.1814814814814815
2 0.3307291666666667 -0.14027777777777778 0.10520833333333333 0.12685185185185185
0 0.69296875 0.08657407407407407 0.07135416666666666 0.2064814814814815
0 0.6333333333333333 0.11990740740740741 0.14166666666666666 0.11388888888888889
0 0.61015625 0.005555555555555556 0.09427083333333333 0.09074074074074075
1 0.6359375 -0.08518518518518518 0.09479166666666666 0.1259259259259259
1 0.5390625 -0.18194444444444444 0.071875 0.13240740740740742
0 0.5721354166666667 0.034722222222222224 0.06302083333333333 0.2675925925925926
