0 0.7236979166666667 0.22962962962962963 0.11302083333333333 0.1
2 0.8328125 0.31527777777777777 0.06041666666666667 0.16574074074074074
0 0.7455729166666667 0.3819444444444444 0.11822916666666666 0.09166666666666666
0 0.78671875 0.46111111111111114 0.0484375 0.23703703703703705
0 0.7270833333333333 0.4638888888888889 0.046875 0.17777777777777778
0 0.7786458333333334 0.8023148148148148 0.06770833333333333 0.21203703703703702
0 0.5760416666666667 0.40370370370370373 0.07916666666666666 0.1814814814814815
0 0.5802083333333333 0.5041666666666667 0.14895833333333333 0.09166666666666666
0 0.44505208333333335 0.5884259259259259 0.03177083333333333 0.075
0 0.43802083333333336 0.6796296296296296 0.11145833333333334 0.2037037037037037
1 0.265625 0.8402777777777778 0.052083333333333336 0.15648148148148147
1 0.19348958333333333 0.8199074074074074 0.10260416666666666 0.23425925925925925
2 0.14166666666666666 0.8013888888888889 0.065625 0.1787037037037037
1 0.3216145833333333 0.1 0.0703125 0.1685185185185185
1 0.11510416666666666 0.42592592592592593 0.08125 0.13333333333333333
0 0.2682291666666667 0.15601851851851853 0.11458333333333333 0.12129629629629629
0 0.2869791666666667 0.2625 0.06458333333333334 0.24537037037037038
1 0.16901041666666666 0.2601851851851852 0.07135416666666666 0.17037037037037037
0 0.22317708333333333 0.30694444444444446 0.0484375 0.16574074074074074
0 0.23854166666666668 0.375 0.15 0.10555555555555556
