0 0.6520833333333333 0.8976851851851851 0.05625 0.20092592592592592
2 0.60390625 1.0916666666666666 0.09322916666666667 0.10740740740740741
0 0.56640625 0.9365740740740741 0.0515625 0.2101851851851852
0 0.521875 1.0097222222222222 0.13333333333333333 0.08611111111111111
0 0.5203125 0.9037037037037037 0.1 0.08333333333333333
0 0.3299479166666667 0.9953703703703703 0.11927083333333334 0.12037037037037036
0 0.5541666666666667 0.6351851851851852 0.10208333333333333 0.14074074074074075
0 0.49765625 0.6425925925925926 0.0515625 0.26481481481481484
0 0.45026041666666666 0.4023148148148148 0.0421875 0.05648148148148148
0 0.39895833333333336 0.38981481481481484 0.11458333333333333 0.19814814814814816
1 0.30859375 0.08333333333333333 0.08802083333333334 0.09259259259259259
1 0.32005208333333335 -0.04490740740740741 0.13177083333333334 0.1824074074074074
2 0.33046875 -0.13703703703703704 0.10052083333333334 0.11666666666666667
1 0.725 0.18287037037037038 0.09479166666666666 0.125
1 0.5416666666666666 -0.18425925925925926 0.075 0.14444444444444443
0 0.6934895833333333 0.08796296296296297 0.06822916666666666 0.2037037037037037
0 0.63359375 0.12129629629629629 0.13802083333333334 0.11481481481481481
1 0.6348958333333333 -0.08842592592592592 0.09583333333333334 0.12685185185185185
0 0.60859375 0.00787037037037037 0.09322916666666667 0.08611111111111111
0 0.5703125 0.03518518518518519 0.059375 0.26666666666666666
