0 0.27682291666666664 0.22962962962962963 0.11302083333333333 0.1
2 0.16770833333333332 0.31527777777777777 0.06041666666666667 0.16574074074074074
0 0.25494791666666666 0.3819444444444444 0.11822916666666666 0.09166666666666666
0 0.21380208333333334 0.46111111111111114 0.0484375 0.23703703703703705
0 0.2734375 0.4638888888888889 0.046875 0.17777777777777778
0 0.221875 0.8023148148148148 0.06770833333333333 0.21203703703703702
0 0.4244791666666667 0.40370370370370373 0.07916666666666666 0.1814814814814815
0 0.4203125 0.5041666666666667 0.14895833333333333 0.09166666666666666
0 0.55546875 0.5884259259259259 0.03177083333333333 0.075
0 0.5625 0.6796296296296296 0.11145833333333334 0.2037037037037037
1 0.7348958333333333 0.8402777777777778 0.052083333333333336 0.15648148148148147
1 0.80703125 0.8199074074074074 0.10260416666666666 0.23425925925925925
2 0.8588541666666667 0.8013888888888889 0.065625 0.1787037037037037
1 0.67890625 0.1 0.0703125 0.1685185185185185
1 0.8854166666666666 0.42592592592592593 0.08125 0.13333333333333333
0 0.7322916666666667 0.15601851851851853 0.11458333333333333 0.12129629629629629
0 0.7135416666666666 0.2625 0.06458333333333334 0.24537037037037038
1 0.8315104166666667 0.2601851851851852 0.07135416666666666 0.17037037037037037
0 0.77734375 0.30694444444444446 0.0484375 0.16574074074074074
0 0.7619791666666667 0.375 0.15 0.10555555555555556
