0 0.2747395833333333 0.7731481481481481 0.10572916666666667 0.10185185185185185
2 0.16666666666666666 0.6842592592592592 0.06041666666666667 0.16666666666666666
0 0.25416666666666665 0.6189814814814815 0.11666666666666667 0.09351851851851851
0 0.21354166666666666 0.5435185185185185 0.05 0.23148148148148148
0 0.27317708333333335 0.5333333333333333 0.04635416666666667 0.1814814814814815
2 0.22213541666666667 0.1986111111111111 0.0671875 0.21203703703703702
0 0.42578125 0.6013888888888889 0.08177083333333333 0.18425925925925926
0 0.42109375 0.49953703703703706 0.1484375 0.09907407407407408
0 0.5572916666666666 0.4166666666666667 0.036458333333333336 0.06481481481481481
0 0.56640625 0.32685185185185184 0.1140625 0.2111111111111111
1 0.6830729166666667 0.9046296296296297 0.07864583333333333 0.17037037037037037
1 0.8890625 0.5902777777777778 0.075 0.1638888888888889
1 0.83046875 0.7412037037037037 0.06822916666666666 0.16574074074074074
0 0.7153645833333333 0.736574074074074 0.06614583333333333 0.24722222222222223
0 0.7328125 0.8435185185185186 0.11875 0.13148148148148148
0 0.7760416666666666 0.6939814814814815 0.04895833333333333 0.16203703703703703
0 0.7588541666666667 0.6333333333333333 0.15208333333333332 0.1111111111111111
1 0.73046875 0.16620370370370371 0.043229166666666666 0.14537037037037037
1 0.81015625 0.1986111111111111 0.10677083333333333 0.21944444444444444
2 0.8609375 0.1986111111111111 0.065625 0.18611111111111112
