0 0.72578125 0.22777777777777777 0.10572916666666667 0.10185185185185185
2 0.8338541666666667 0.31666666666666665 0.06041666666666667 0.16666666666666666
0 0.7463541666666667 0.3819444444444444 0.11666666666666667 0.09351851851851851
0 0.7869791666666667 0.45740740740740743 0.05 0.23148148148148148
0 0.72734375 0.4675925925925926 0.04635416666666667 0.1814814814814815
2 0.7783854166666667 0.8023148148148148 0.0671875 0.21203703703703702
0 0.5747395833333333 0.399537037037037 0.08177083333333333 0.18425925925925926
0 0.5794270833333334 0.5013888888888889 0.1484375 0.09907407407407408
0 0.4432291666666667 0.5842592592592593 0.036458333333333336 0.06481481481481481
0 0.43411458333333336 0.674074074074074 0.1140625 0.2111111111111111
1 0.31744791666666666 0.0962962962962963 0.07864583333333333 0.17037037037037037
1 0.11145833333333334 0.41064814814814815 0.075 0.1638888888888889
1 0.17005208333333333 0.25972222222222224 0.06822916666666666 0.16574074074074074
0 0.28515625 0.26435185185185184 0.06614583333333333 0.24722222222222223
0 0.2677083333333333 0.1574074074074074 0.11875 0.13148148148148148
0 0.22447916666666667 0.30694444444444446 0.04895833333333333 0.16203703703703703
0 0.24166666666666667 0.3675925925925926 0.15208333333333332 0.1111111111111111
1 0.27005208333333336 0.8347222222222223 0.043229166666666666 0.14537037037037037
1 0.19036458333333334 0.8023148148148148 0.10677083333333333 0.21944444444444444
2 0.13958333333333334 0.8023148148148148 0.065625 0.18611111111111112
