0 0.3463541666666667 0.09953703703703703 0.057291666666666664 0.18796296296296297
2 0.3963541666666667 -0.09259259259259259 0.09375 0.10740740740740741
0 0.43307291666666664 0.06296296296296296 0.05260416666666667 0.2074074074074074
0 0.47552083333333334 -0.009259259259259259 0.13020833333333334 0.08888888888888889
0 0.48125 0.09675925925925925 0.10208333333333333 0.0824074074074074
2 0.66953125 0.0060185185185185185 0.11927083333333334 0.11944444444444445
0 0.44296875 0.3680555555555556 0.10364583333333334 0.14537037037037037
0 0.5002604166666667 0.3597222222222222 0.05572916666666667 0.2638888888888889
0 0.546875 0.6018518518518519 0.036458333333333336 0.06481481481481481
0 0.5973958333333333 0.6180555555555556 0.11875 0.20277777777777778
1 0.27239583333333334 0.825462962962963 0.09583333333333334 0.1398148148148148
1 0.44921875 1.1916666666666667 0.0921875 0.13333333333333333
1 0.36432291666666666 1.0875 0.09322916666666667 0.12129629629629629
0 0.36692708333333335 0.8828703703703704 0.1390625 0.1175925925925926
0 0.3067708333333333 0.9138888888888889 0.07395833333333333 0.2111111111111111
0 0.39088541666666665 0.9907407407407407 0.09114583333333333 0.08703703703703704
0 0.425 0.9601851851851851 0.0625 0.27037037037037037
1 0.6877604166666667 0.9097222222222222 0.08177083333333333 0.07685185185185185
1 0.66953125 1.051388888888889 0.1234375 0.18981481481481483
2 0.66953125 1.1416666666666666 0.1046875 0.11666666666666667
