0 0.653125 0.9013888888888889 0.057291666666666664 0.18796296296296297
2 0.603125 1.0935185185185186 0.09375 0.10740740740740741
0 0.56640625 0.937962962962963 0.05260416666666667 0.2074074074074074
0 0.5239583333333333 1.010185185185185 0.13020833333333334 0.08888888888888889
0 0.5182291666666666 0.9041666666666667 0.10208333333333333 0.0824074074074074
2 0.3299479166666667 0.9949074074074075 0.11927083333333334 0.11944444444444445
0 0.5565104166666667 0.6328703703703704 0.10364583333333334 0.14537037037037037
0 0.49921875 0.6412037037037037 0.05572916666666667 0.2638888888888889
0 0.45260416666666664 0.3990740740740741 0.036458333333333336 0.06481481481481481
0 0.40208333333333335 0.38287037037037036 0.11875 0.20277777777777778
1 0.7270833333333333 0.17546296296296296 0.09583333333333334 0.1398148148148148
1 0.5502604166666667 -0.19074074074074074 0.0921875 0.13333333333333333
1 0.63515625 -0.08657407407407407 0.09322916666666667 0.12129629629629629
0 0.6325520833333333 0.11805555555555555 0.1390625 0.1175925925925926
0 0.6927083333333334 0.08703703703703704 0.07395833333333333 0.2111111111111111
0 0.60859375 0.010185185185185186 0.09114583333333333 0.08703703703703704
0 0.5744791666666667 0.040740740740740744 0.0625 0.27037037037037037
1 0.31171875 0.0912037037037037 0.08177083333333333 0.07685185185185185
1 0.3299479166666667 -0.050462962962962966 0.1234375 0.18981481481481483
2 0.3299479166666667 -0.14074074074074075 0.1046875 0.11666666666666667
