0 0.34453125 0.8981481481481481 0.0578125 0.19444444444444445
2 0.39609375 1.0907407407407408 0.09322916666666667 0.11481481481481481
0 0.4296875 0.937037037037037 0.051041666666666666 0.20555555555555555
0 0.47421875 1.0064814814814815 0.13072916666666667 0.08888888888888889
0 0.47682291666666665 0.9041666666666667 0.0984375 0.08981481481481482
2 0.6658854166666667 0.9949074074074075 0.11927083333333334 0.11574074074074074
0 0.440625 0.6319444444444444 0.103125 0.14351851851851852
0 0.4984375 0.6398148148148148 0.051041666666666666 0.2611111111111111
0 0.5434895833333333 0.3958333333333333 0.03697916666666667 0.06759259259259259
0 0.5963541666666666 0.38425925925925924 0.11666666666666667 0.1925925925925926
1 0.68359375 0.08425925925925926 0.0796875 0.06851851851851852
1 0.6729166666666667 -0.055092592592592596 0.11354166666666667 0.18611111111111112
2 0.6661458333333333 -0.13703703703703704 0.10729166666666666 0.12222222222222222
1 0.2669270833333333 0.17407407407407408 0.0921875 0.13518518518518519
1 0.4427083333333333 -0.2 0.10104166666666667 0.14074074074074075
1 0.36015625 -0.08425925925925926 0.09427083333333333 0.12222222222222222
0 0.3033854166666667 0.08935185185185185 0.0703125 0.2064814814814815
0 0.3625 0.12222222222222222 0.1375 0.11296296296296296
0 0.38619791666666664 0.009722222222222222 0.09114583333333333 0.09166666666666666
0 0.42604166666666665 0.03611111111111111 0.06354166666666666 0.27037037037037037
