0 0.2765625 0.22453703703703703 0.109375 0.10277777777777777
2 0.16822916666666668 0.3162037037037037 0.06458333333333334 0.16574074074074074
0 0.2546875 0.37592592592592594 0.115625 0.09074074074074075
0 0.215625 0.4550925925925926 0.05 0.2324074074074074
0 0.27317708333333335 0.4597222222222222 0.050520833333333334 0.175
2 0.22213541666666667 0.7958333333333333 0.06510416666666667 0.21203703703703702
0 0.42630208333333336 0.39537037037037037 0.08072916666666667 0.18333333333333332
0 0.421875 0.4981481481481482 0.146875 0.09074074074074075
0 0.5591145833333333 0.5782407407407407 0.03802083333333333 0.06574074074074074
0 0.565625 0.6722222222222223 0.10833333333333334 0.2074074074074074
1 0.734375 0.8273148148148148 0.03854166666666667 0.14166666666666666
1 0.8127604166666667 0.8083333333333333 0.1046875 0.20185185185185187
2 0.8588541666666667 0.7962962962962963 0.06875 0.19074074074074074
1 0.68359375 0.08657407407407407 0.07552083333333333 0.1638888888888889
1 0.8942708333333333 0.3990740740740741 0.07916666666666666 0.17962962962962964
1 0.8291666666666667 0.2523148148148148 0.06875 0.1675925925925926
0 0.7315104166666667 0.15138888888888888 0.11614583333333334 0.125
0 0.7130208333333333 0.2564814814814815 0.06354166666666666 0.24444444444444444
0 0.7763020833333333 0.2986111111111111 0.0515625 0.16203703703703703
0 0.7614583333333333 0.36944444444444446 0.15208333333333332 0.11296296296296296
