0 0.34453125 0.10277777777777777 0.0578125 0.19444444444444445
2 0.39609375 -0.08981481481481482 0.09322916666666667 0.11481481481481481
0 0.4296875 0.06388888888888888 0.051041666666666666 0.20555555555555555
0 0.47421875 -0.005555555555555556 0.13072916666666667 0.08888888888888889
0 0.47682291666666665 0.09675925925925925 0.0984375 0.08981481481481482
2 0.6658854166666667 0.0060185185185185185 0.11927083333333334 0.11574074074074074
0 0.440625 0.36898148148148147 0.103125 0.14351851851851852
0 0.4984375 0.3611111111111111 0.051041666666666666 0.2611111111111111
0 0.5434895833333333 0.6050925925925926 0.03697916666666667 0.06759259259259259
0 0.5963541666666666 0.6166666666666667 0.11666666666666667 0.1925925925925926
1 0.68359375 0.9166666666666666 0.0796875 0.06851851851851852
1 0.6729166666666667 1.0560185185185185 0.11354166666666667 0.18611111111111112
2 0.6661458333333333 1.137962962962963 0.10729166666666666 0.12222222222222222
1 0.2669270833333333 0.8263888888888888 0.0921875 0.13425925925925927
1 0.4427083333333333 1.200925925925926 0.10104166666666667 0.14074074074074075
1 0.36015625 1.0851851851851853 0.09427083333333333 0.12222222222222222
0 0.3033854166666667 0.9115740740740741 0.0703125 0.2064814814814815
0 0.3625 0.8787037037037037 0.1375 0.11296296296296296
0 0.38619791666666664 0.9912037037037037 0.09114583333333333 0.09166666666666666
0 0.42604166666666665 0.9648148148148148 0.06354166666666666 0.27037037037037037
