0 0.27578125 0.7787037037037037 0.1078125 0.10185185185185185
2 0.16614583333333333 0.687962962962963 0.06354166666666666 0.16666666666666666
0 0.25234375 0.6268518518518519 0.1203125 0.0962962962962963
0 0.21432291666666667 0.5467592592592593 0.0484375 0.22870370370370371
0 0.27317708333333335 0.5453703703703704 0.05364583333333333 0.17222222222222222
2 0.22161458333333334 0.20462962962962963 0.0703125 0.21851851851851853
0 0.4265625 0.6046296296296296 0.08229166666666667 0.1814814814814815
0 0.42161458333333335 0.5032407407407408 0.14739583333333334 0.10648148148148148
0 0.55859375 0.42268518518518516 0.0390625 0.06944444444444445
0 0.5651041666666666 0.32592592592592595 0.11354166666666667 0.20185185185185187
1 0.7325520833333333 0.16805555555555557 0.043229166666666666 0.15833333333333333
1 0.8151041666666666 0.19305555555555556 0.10833333333333334 0.20277777777777778
2 0.8625 0.20277777777777778 0.06770833333333333 0.19444444444444445
1 0.68359375 0.913425925925926 0.07447916666666667 0.17314814814814813
1 0.8893229166666666 0.6143518518518518 0.0671875 0.20462962962962963
1 0.8307291666666666 0.7476851851851852 0.06979166666666667 0.16574074074074074
0 0.7338541666666667 0.850925925925926 0.11770833333333333 0.12962962962962962
0 0.7153645833333333 0.7444444444444445 0.0640625 0.2518518518518518
0 0.7783854166666667 0.6981481481481482 0.04635416666666667 0.1648148148148148
0 0.7611979166666667 0.6296296296296297 0.14947916666666666 0.10925925925925926
