0 0.34322916666666664 0.899537037037037 0.057291666666666664 0.19166666666666668
2 0.39427083333333335 1.0944444444444446 0.09375 0.11296296296296296
0 0.42864583333333334 0.9412037037037037 0.05416666666666667 0.21388888888888888
0 0.47369791666666666 1.0087962962962962 0.12864583333333332 0.08611111111111111
0 0.4744791666666667 0.9041666666666667 0.096875 0.09537037037037037
2 0.6661458333333333 0.9958333333333333 0.12291666666666666 0.125
0 0.44114583333333335 0.6314814814814815 0.10208333333333333 0.14629629629629629
0 0.4981770833333333 0.6402777777777777 0.059895833333333336 0.262037037037037
0 0.5434895833333333 0.39675925925925926 0.0390625 0.06944444444444445
0 0.5979166666666667 0.3851851851851852 0.11354166666666667 0.20185185185185187
1 0.68671875 0.0875 0.0890625 0.07685185185185185
1 0.67265625 -0.05925925925925926 0.1140625 0.1925925925925926
2 0.6671875 -0.14351851851851852 0.109375 0.12037037037037036
1 0.2674479166666667 0.17407407407407408 0.09739583333333333 0.13333333333333333
1 0.4356770833333333 -0.1912037037037037 0.11510416666666666 0.11944444444444445
1 0.3606770833333333 -0.08703703703703704 0.09322916666666667 0.12407407407407407
0 0.3026041666666667 0.08518518518518518 0.07291666666666667 0.20925925925925926
0 0.3625 0.11805555555555555 0.14166666666666666 0.11388888888888889
0 0.3885416666666667 0.0060185185185185185 0.09270833333333334 0.0824074074074074
0 0.4270833333333333 0.03657407407407407 0.06145833333333333 0.2657407407407407
