0 0.34322916666666664 0.10138888888888889 0.057291666666666664 0.19166666666666668
2 0.39427083333333335 -0.09351851851851851 0.09375 0.11296296296296296
0 0.42864583333333334 0.059722222222222225 0.05416666666666667 0.21388888888888888
0 0.47369791666666666 -0.00787037037037037 0.12864583333333332 0.08611111111111111
0 0.4744791666666667 0.09675925925925925 0.096875 0.09537037037037037
2 0.6661458333333333 0.005092592592592593 0.12291666666666666 0.125
0 0.44114583333333335 0.36944444444444446 0.10208333333333333 0.14629629629629629
0 0.4981770833333333 0.36064814814814816 0.059895833333333336 0.262037037037037
0 0.5434895833333333 0.6041666666666666 0.0390625 0.06944444444444445
0 0.5979166666666667 0.6157407407407407 0.11354166666666667 0.20185185185185187
1 0.68671875 0.913425925925926 0.0890625 0.07685185185185185
1 0.67265625 1.0601851851851851 0.1140625 0.1925925925925926
2 0.6671875 1.1444444444444444 0.109375 0.12037037037037036
1 0.2674479166666667 0.8263888888888888 0.09739583333333333 0.13240740740740742
1 0.4356770833333333 1.1921296296296295 0.11510416666666666 0.11944444444444445
1 0.3606770833333333 1.087962962962963 0.09322916666666667 0.12407407407407407
0 0.30234375 0.9157407407407407 0.0734375 0.20925925925925926
0 0.3625 0.8828703703703704 0.14166666666666666 0.11388888888888889
0 0.3885416666666667 0.9949074074074075 0.09270833333333334 0.0824074074074074
0 0.4270833333333333 0.9643518518518519 0.06145833333333333 0.2657407407407407
