0 0.6557291666666667 0.8967592592592593 0.05625 0.1935185185185185
2 0.60625 1.0916666666666666 0.09166666666666666 0.11296296296296296
0 0.5703125 0.9347222222222222 0.05416666666666667 0.2101851851851852
0 0.52421875 1.0032407407407407 0.12864583333333332 0.09537037037037037
0 0.5244791666666667 0.899537037037037 0.09791666666666667 0.09166666666666666
2 0.33229166666666665 0.9925925925925926 0.11875 0.1259259259259259
0 0.5606770833333333 0.6282407407407408 0.09947916666666666 0.14537037037037037
0 0.503125 0.6375 0.05625 0.262037037037037
0 0.45416666666666666 0.3902777777777778 0.0375 0.06759259259259259
0 0.4044270833333333 0.3814814814814815 0.11822916666666666 0.20555555555555555
1 0.73046875 0.17777777777777778 0.09114583333333333 0.12777777777777777
1 0.5658854166666667 -0.19583333333333333 0.11927083333333334 0.10833333333333334
0 0.6393229166666666 -0.08935185185185185 0.0953125 0.125
0 0.6966145833333334 0.08564814814814815 0.07135416666666666 0.20462962962962963
0 0.63671875 0.1162037037037037 0.13802083333333334 0.11018518518518519
0 0.6109375 0.0060185185185185185 0.09583333333333334 0.08611111111111111
0 0.5734375 0.03194444444444444 0.06354166666666666 0.2657407407407407
1 0.3046875 0.07685185185185185 0.10208333333333333 0.08703703703703704
1 0.32916666666666666 -0.06712962962962964 0.11770833333333333 0.2064814814814815
2 0.3294270833333333 -0.15324074074074073 0.10052083333333334 0.14351851851851852
