0 0.34375 0.10416666666666667 0.05625 0.1935185185185185
2 0.3932291666666667 -0.09074074074074075 0.09166666666666666 0.11296296296296296
0 0.42916666666666664 0.06620370370370371 0.05416666666666667 0.2101851851851852
0 0.4752604166666667 -0.0023148148148148147 0.12864583333333332 0.09537037037037037
0 0.475 0.10138888888888889 0.09791666666666667 0.09166666666666666
2 0.6671875 0.008333333333333333 0.11875 0.1259259259259259
0 0.4388020833333333 0.3726851851851852 0.09947916666666666 0.14537037037037037
0 0.49635416666666665 0.36342592592592593 0.05625 0.262037037037037
0 0.5453125 0.6106481481481482 0.0375 0.06759259259259259
0 0.5950520833333334 0.6194444444444445 0.11822916666666666 0.20555555555555555
1 0.26901041666666664 0.8231481481481482 0.09114583333333333 0.12777777777777777
1 0.43359375 1.1967592592592593 0.11927083333333334 0.10833333333333334
0 0.36015625 1.0902777777777777 0.0953125 0.125
0 0.3028645833333333 0.9152777777777777 0.07135416666666666 0.20462962962962963
0 0.36276041666666664 0.8847222222222222 0.13802083333333334 0.11018518518518519
0 0.3885416666666667 0.9949074074074075 0.09583333333333334 0.08611111111111111
0 0.42604166666666665 0.9689814814814814 0.06354166666666666 0.2657407407407407
1 0.6947916666666667 0.9236111111111112 0.10208333333333333 0.08611111111111111
1 0.6703125 1.0680555555555555 0.11770833333333333 0.2064814814814815
2 0.6700520833333333 1.1541666666666666 0.10052083333333334 0.14351851851851852
