0 0.7231770833333333 0.22314814814814815 0.10885416666666667 0.1
2 0.8328125 0.3111111111111111 0.06354166666666666 0.16296296296296298
0 0.74453125 0.375 0.11822916666666666 0.0962962962962963
0 0.7830729166666667 0.45694444444444443 0.05364583333333333 0.22870370370370371
0 0.7247395833333333 0.4564814814814815 0.0515625 0.17407407407407408
2 0.7770833333333333 0.7981481481481482 0.07083333333333333 0.2111111111111111
0 0.5721354166666667 0.3921296296296296 0.08177083333333333 0.17685185185185184
0 0.57734375 0.49444444444444446 0.14739583333333334 0.1
0 0.43828125 0.5814814814814815 0.03802083333333333 0.06666666666666667
0 0.43333333333333335 0.6699074074074074 0.115625 0.2101851851851852
1 0.31875 0.09027777777777778 0.071875 0.16203703703703703
1 0.10859375 0.38287037037037036 0.0609375 0.21203703703703702
0 0.16848958333333333 0.2523148148148148 0.0703125 0.16944444444444445
0 0.2669270833333333 0.15046296296296297 0.11510416666666666 0.12685185185185185
0 0.28411458333333334 0.2569444444444444 0.06197916666666667 0.24537037037037038
0 0.22213541666666667 0.30277777777777776 0.0484375 0.17037037037037037
0 0.23671875 0.36944444444444446 0.14947916666666666 0.11296296296296296
1 0.26223958333333336 0.8472222222222222 0.0484375 0.1814814814814815
1 0.18098958333333334 0.8037037037037037 0.11614583333333334 0.20925925925925926
2 0.13255208333333332 0.8032407407407407 0.08072916666666667 0.1787037037037037
