0 0.27734375 0.22314814814814815 0.10885416666666667 0.1
2 0.16770833333333332 0.3111111111111111 0.06354166666666666 0.16296296296296298
0 0.2559895833333333 0.375 0.11822916666666666 0.0962962962962963
0 0.21744791666666666 0.45694444444444443 0.05364583333333333 0.22870370370370371
0 0.27578125 0.4564814814814815 0.0515625 0.17407407407407408
2 0.2234375 0.7981481481481482 0.07083333333333333 0.2111111111111111
0 0.4283854166666667 0.3921296296296296 0.08177083333333333 0.17685185185185184
0 0.4231770833333333 0.49444444444444446 0.14739583333333334 0.1
0 0.5622395833333333 0.5814814814814815 0.03802083333333333 0.06666666666666667
0 0.5671875 0.6699074074074074 0.115625 0.2101851851851852
1 0.6817708333333333 0.09027777777777778 0.071875 0.16203703703703703
1 0.8919270833333334 0.38287037037037036 0.0609375 0.21203703703703702
0 0.83203125 0.2523148148148148 0.0703125 0.16944444444444445
0 0.73359375 0.15046296296296297 0.11510416666666666 0.12685185185185185
0 0.71640625 0.2569444444444444 0.06197916666666667 0.24537037037037038
0 0.7783854166666667 0.30277777777777776 0.0484375 0.17037037037037037
0 0.7638020833333333 0.36944444444444446 0.14947916666666666 0.11296296296296296
1 0.73828125 0.8472222222222222 0.0484375 0.1814814814814815
1 0.81953125 0.8037037037037037 0.11614583333333334 0.20925925925925926
2 0.86796875 0.8032407407407407 0.08072916666666667 0.1787037037037037
