0 0.34375 0.8967592592592593 0.05625 0.1935185185185185
2 0.3932291666666667 1.0916666666666666 0.09166666666666666 0.11296296296296296
0 0.42916666666666664 0.9347222222222222 0.05416666666666667 0.2101851851851852
0 0.4752604166666667 1.0032407407407407 0.12864583333333332 0.09537037037037037
0 0.475 0.899537037037037 0.09791666666666667 0.09166666666666666
2 0.6671875 0.9925925925925926 0.11875 0.1259259259259259
0 0.4388020833333333 0.6282407407407408 0.09947916666666666 0.14537037037037037
0 0.49635416666666665 0.6375 0.05625 0.262037037037037
0 0.5453125 0.3902777777777778 0.0375 0.06759259259259259
0 0.5950520833333334 0.3814814814814815 0.11822916666666666 0.20555555555555555
1 0.26901041666666664 0.17731481481481481 0.09114583333333333 0.1287037037037037
1 0.43359375 -0.19583333333333333 0.11927083333333334 0.10833333333333334
0 0.36015625 -0.08935185185185185 0.0953125 0.125
0 0.3028645833333333 0.08564814814814815 0.07135416666666666 0.20462962962962963
0 0.36276041666666664 0.1162037037037037 0.13802083333333334 0.11018518518518519
0 0.3885416666666667 0.0060185185185185185 0.09583333333333334 0.08611111111111111
0 0.42604166666666665 0.03194444444444444 0.06354166666666666 0.2657407407407407
1 0.6947916666666667 0.07731481481481481 0.10208333333333333 0.08611111111111111
1 0.6703125 -0.06712962962962964 0.11770833333333333 0.2064814814814815
2 0.6700520833333333 -0.15324074074074073 0.10052083333333334 0.14351851851851852
