0 0.26484375 0.7615740740740741 0.1046875 0.09907407407407408
2 0.15729166666666666 0.6782407407407407 0.06145833333333333 0.1527777777777778
0 0.24192708333333332 0.6222222222222222 0.10989583333333333 0.07777777777777778
0 0.20494791666666667 0.5453703703703704 0.0453125 0.21851851851851853
0 0.26067708333333334 0.5375 0.0453125 0.16203703703703703
2 0.21119791666666668 0.22175925925925927 0.06510416666666667 0.20462962962962963
1 0.4075520833333333 0.5921296296296297 0.07760416666666667 0.17314814814814813
0 0.3997395833333333 0.5018518518518519 0.14010416666666667 0.09259259259259259
1 0.5302083333333333 0.4648148148148148 0.03333333333333333 0.1962962962962963
1 0.5348958333333333 0.33240740740740743 0.10625 0.19444444444444445
0 0.5747395833333333 0.2800925925925926 0.024479166666666666 0.05648148148148148
1 0.6471354166666666 0.24444444444444444 0.0609375 0.040740740740740744
0 0.81328125 0.21203703703703702 0.0703125 0.18333333333333332
1 0.7109375 0.10787037037037037 0.059375 0.08425925925925926
1 0.6291666666666667 0.8208333333333333 0.036458333333333336 0.18611111111111112
1 0.7075520833333333 0.8231481481481482 0.09322916666666667 0.13148148148148148
0 0.68046875 0.7180555555555556 0.058854166666666666 0.24351851851851852
0 0.7401041666666667 0.675 0.04375 0.15185185185185185
1 0.7971354166666667 0.7097222222222223 0.0765625 0.17685185185185184
1 0.83515625 0.5481481481481482 0.08802083333333334 0.1685185185185185
0 0.7255208333333333 0.6097222222222223 0.1375 0.09537037037037037
