0 0.3528645833333333 0.08194444444444444 0.05572916666666667 0.18611111111111112
2 0.3997395833333333 -0.10925925925925926 0.0859375 0.10925925925925926
0 0.43125 0.0412037037037037 0.04375 0.19537037037037036
0 0.4744791666666667 -0.024537037037037038 0.12291666666666666 0.08055555555555556
0 0.47890625 0.07453703703703704 0.09114583333333333 0.08055555555555556
2 0.6565104166666667 -0.013425925925925926 0.11510416666666666 0.11574074074074074
1 0.44817708333333334 0.33564814814814814 0.09739583333333333 0.13796296296296295
0 0.49895833333333334 0.32175925925925924 0.052083333333333336 0.2490740740740741
1 0.5197916666666667 0.5537037037037037 0.11041666666666666 0.05925925925925926
1 0.5942708333333333 0.562037037037037 0.109375 0.18888888888888888
0 0.6236979166666666 0.6328703703703704 0.03177083333333333 0.04351851851851852
1 0.64375 0.7615740740740741 0.022916666666666665 0.10833333333333334
0 0.6619791666666667 1.0569444444444445 0.103125 0.125
1 0.7205729166666667 0.875 0.04739583333333333 0.10555555555555556
1 0.31953125 0.7296296296296296 0.1046875 0.06481481481481481
1 0.3182291666666667 0.8689814814814815 0.07395833333333333 0.16574074074074074
0 0.37734375 0.8208333333333333 0.13697916666666668 0.10462962962962963
0 0.4015625 0.9268518518518518 0.08541666666666667 0.07777777777777778
1 0.38203125 1.0282407407407408 0.09947916666666666 0.1361111111111111
1 0.47291666666666665 1.0958333333333334 0.09479166666666666 0.15648148148148147
0 0.43828125 0.9009259259259259 0.05364583333333333 0.24444444444444444
