0 0.6466145833333333 0.9189814814814815 0.05572916666666667 0.18611111111111112
2 0.5997395833333333 1.1101851851851852 0.0859375 0.10925925925925926
0 0.5682291666666667 0.9597222222222223 0.04375 0.19537037037037036
0 0.525 1.025462962962963 0.12291666666666666 0.08055555555555556
0 0.5205729166666667 0.9263888888888889 0.09114583333333333 0.08055555555555556
2 0.34296875 1.014351851851852 0.11510416666666666 0.11574074074074074
1 0.5513020833333333 0.6652777777777777 0.09739583333333333 0.13796296296296295
0 0.5005208333333333 0.6791666666666667 0.052083333333333336 0.2490740740740741
1 0.4796875 0.44722222222222224 0.11041666666666666 0.05925925925925926
1 0.40520833333333334 0.4388888888888889 0.109375 0.18888888888888888
0 0.37578125 0.3680555555555556 0.03177083333333333 0.04351851851851852
1 0.35572916666666665 0.23935185185185184 0.022916666666666665 0.10833333333333334
0 0.3375 -0.056018518518518516 0.103125 0.125
1 0.27890625 0.12546296296296297 0.04739583333333333 0.10648148148148148
1 0.6799479166666667 0.2712962962962963 0.1046875 0.06481481481481481
1 0.68125 0.13194444444444445 0.07395833333333333 0.16574074074074074
0 0.6221354166666667 0.18009259259259258 0.13697916666666668 0.10462962962962963
0 0.5979166666666667 0.07407407407407407 0.08541666666666667 0.07777777777777778
1 0.6174479166666667 -0.027314814814814816 0.09947916666666666 0.1361111111111111
1 0.5265625 -0.09490740740740741 0.09479166666666666 0.15648148148148147
0 0.5611979166666666 0.1 0.05364583333333333 0.24444444444444444
