0 0.3453125 0.8972222222222223 0.059375 0.19814814814814816
2 0.39609375 1.0907407407407408 0.09322916666666667 0.11481481481481481
0 0.43020833333333336 0.9319444444444445 0.05 0.20833333333333334
0 0.47708333333333336 1.0023148148148149 0.13229166666666667 0.08611111111111111
0 0.4796875 0.8986111111111111 0.096875 0.08981481481481482
2 0.66875 0.9930555555555556 0.11666666666666667 0.11944444444444445
0 0.4401041666666667 0.6300925925925925 0.10208333333333333 0.14166666666666666
0 0.49895833333333334 0.6388888888888888 0.057291666666666664 0.26481481481481484
0 0.54296875 0.39351851851851855 0.03697916666666667 0.06481481481481481
0 0.5971354166666667 0.3768518518518518 0.11614583333333334 0.20555555555555555
1 0.7013020833333333 0.07592592592592592 0.11614583333333334 0.07962962962962963
1 0.6713541666666667 -0.07453703703703704 0.121875 0.21574074074074073
2 0.6692708333333334 -0.15925925925925927 0.10104166666666667 0.1388888888888889
1 0.27239583333333334 0.1763888888888889 0.08645833333333333 0.12314814814814815
1 0.43333333333333335 -0.19583333333333333 0.12604166666666666 0.11018518518518519
1 0.36171875 -0.09166666666666666 0.0953125 0.12037037037037036
0 0.30364583333333334 0.08287037037037037 0.06875 0.2064814814814815
0 0.3645833333333333 0.11574074074074074 0.140625 0.1111111111111111
0 0.3880208333333333 0.004166666666666667 0.090625 0.09351851851851851
0 0.42994791666666665 0.037037037037037035 0.06302083333333333 0.26296296296296295
