0 0.27708333333333335 0.775 0.11145833333333334 0.10555555555555556
2 0.16822916666666668 0.6847222222222222 0.06458333333333334 0.16574074074074074
0 0.25755208333333335 0.6240740740740741 0.1171875 0.08888888888888889
0 0.21796875 0.5407407407407407 0.0484375 0.2351851851851852
0 0.27630208333333334 0.5361111111111111 0.050520833333333334 0.17222222222222222
2 0.22317708333333333 0.2 0.0671875 0.2074074074074074
0 0.42734375 0.6064814814814815 0.0796875 0.1814814814814815
0 0.42239583333333336 0.5018518518518519 0.14895833333333333 0.10185185185185185
0 0.5604166666666667 0.4236111111111111 0.036458333333333336 0.06574074074074074
0 0.5697916666666667 0.32731481481481484 0.115625 0.2064814814814815
1 0.7390625 0.14212962962962963 0.04479166666666667 0.2064814814814815
1 0.8236979166666667 0.19537037037037036 0.12135416666666667 0.21666666666666667
2 0.8713541666666667 0.19907407407407407 0.078125 0.17962962962962964
1 0.6822916666666666 0.9046296296296297 0.06875 0.1537037037037037
1 0.8919270833333334 0.6185185185185185 0.06197916666666667 0.22407407407407406
1 0.8333333333333334 0.7458333333333333 0.06770833333333333 0.16944444444444445
0 0.73515625 0.8490740740740741 0.11614583333333334 0.12222222222222222
0 0.7166666666666667 0.7407407407407407 0.0625 0.25
0 0.7794270833333333 0.6990740740740741 0.05260416666666667 0.16111111111111112
0 0.7609375 0.624537037037037 0.14791666666666667 0.11203703703703703
