0 0.27708333333333335 0.22592592592592592 0.11145833333333334 0.10555555555555556
2 0.16822916666666668 0.3162037037037037 0.06458333333333334 0.16574074074074074
0 0.25755208333333335 0.3768518518518518 0.1171875 0.08888888888888889
0 0.21796875 0.4601851851851852 0.0484375 0.2351851851851852
0 0.27630208333333334 0.4648148148148148 0.050520833333333334 0.17222222222222222
2 0.22317708333333333 0.8009259259259259 0.0671875 0.2074074074074074
0 0.42734375 0.39444444444444443 0.0796875 0.1814814814814815
0 0.42239583333333336 0.49907407407407406 0.14895833333333333 0.10185185185185185
0 0.5604166666666667 0.5773148148148148 0.036458333333333336 0.06574074074074074
0 0.5697916666666667 0.6736111111111112 0.115625 0.2064814814814815
1 0.7390625 0.8587962962962963 0.04479166666666667 0.2064814814814815
1 0.8236979166666667 0.8055555555555556 0.12135416666666667 0.21666666666666667
2 0.8713541666666667 0.8018518518518518 0.078125 0.17962962962962964
1 0.6822916666666666 0.0962962962962963 0.06875 0.1537037037037037
1 0.8919270833333334 0.3824074074074074 0.06197916666666667 0.22407407407407406
1 0.8333333333333334 0.2550925925925926 0.06770833333333333 0.16944444444444445
0 0.73515625 0.15185185185185185 0.11614583333333334 0.12222222222222222
0 0.7166666666666667 0.2601851851851852 0.0625 0.25
0 0.7794270833333333 0.30185185185185187 0.05260416666666667 0.16111111111111112
0 0.7609375 0.3763888888888889 0.14791666666666667 0.11203703703703703
