0 0.3453125 0.1037037037037037 0.059375 0.19814814814814816
2 0.39609375 -0.08981481481481482 0.09322916666666667 0.11481481481481481
0 0.43020833333333336 0.06898148148148148 0.05 0.20833333333333334
0 0.47708333333333336 -0.001388888888888889 0.13229166666666667 0.08611111111111111
0 0.4796875 0.10231481481481482 0.096875 0.08981481481481482
2 0.66875 0.00787037037037037 0.11666666666666667 0.11944444444444445
0 0.4401041666666667 0.37083333333333335 0.10208333333333333 0.14166666666666666
0 0.49895833333333334 0.36203703703703705 0.057291666666666664 0.26481481481481484
0 0.54296875 0.6074074074074074 0.03697916666666667 0.06481481481481481
0 0.5971354166666667 0.6240740740740741 0.11614583333333334 0.20555555555555555
1 0.7013020833333333 0.925 0.11614583333333334 0.07962962962962963
1 0.6713541666666667 1.075462962962963 0.121875 0.21574074074074073
2 0.6692708333333334 1.1601851851851852 0.10104166666666667 0.1388888888888889
1 0.27239583333333334 0.8240740740740741 0.08645833333333333 0.12222222222222222
1 0.43333333333333335 1.1967592592592593 0.12604166666666666 0.11018518518518519
1 0.36171875 1.0925925925925926 0.0953125 0.12037037037037036
0 0.30364583333333334 0.9180555555555555 0.06875 0.2064814814814815
0 0.3645833333333333 0.8851851851851852 0.140625 0.1111111111111111
0 0.3880208333333333 0.9967592592592592 0.090625 0.09351851851851851
0 0.42994791666666665 0.9638888888888889 0.06302083333333333 0.26296296296296295
