0 0.340625 0.10324074074074074 0.05520833333333333 0.19537037037037036
2 0.39088541666666665 -0.09351851851851851 0.09114583333333333 0.11296296296296296
0 0.4276041666666667 0.06111111111111111 0.04895833333333333 0.21666666666666667
0 0.47317708333333336 -0.004166666666666667 0.12864583333333332 0.09166666666666666
0 0.47552083333333334 0.10092592592592593 0.10208333333333333 0.08703703703703704
0 0.6651041666666667 0.006944444444444444 0.11770833333333333 0.1175925925925926
0 0.440625 0.3712962962962963 0.10416666666666667 0.1425925925925926
0 0.49375 0.36527777777777776 0.05520833333333333 0.2638888888888889
0 0.5403645833333334 0.6087962962962963 0.04010416666666667 0.06759259259259259
0 0.5947916666666667 0.6217592592592592 0.115625 0.20277777777777778
1 0.6994791666666667 0.9347222222222222 0.11979166666666667 0.09351851851851851
1 0.659375 1.061574074074074 0.13125 0.18981481481481483
2 0.66640625 1.1592592592592592 0.10260416666666666 0.1388888888888889
1 0.271875 0.8203703703703704 0.08020833333333334 0.11481481481481481
1 0.42734375 1.1958333333333333 0.1171875 0.11203703703703703
1 0.35911458333333335 1.0944444444444446 0.09635416666666667 0.12777777777777777
0 0.3 0.9199074074074074 0.06875 0.20092592592592592
0 0.35989583333333336 0.8870370370370371 0.13958333333333334 0.10925925925925926
0 0.3859375 1.000925925925926 0.090625 0.08703703703703704
0 0.425 0.975 0.0625 0.26851851851851855
