0 0.6588541666666666 0.8976851851851851 0.05520833333333333 0.19537037037037036
2 0.60859375 1.0944444444444446 0.09114583333333333 0.11296296296296296
0 0.571875 0.9398148148148148 0.04895833333333333 0.21666666666666667
0 0.5263020833333333 1.0050925925925926 0.12864583333333332 0.09166666666666666
0 0.5239583333333333 0.9 0.10208333333333333 0.08703703703703704
0 0.334375 0.9939814814814815 0.11770833333333333 0.1175925925925926
0 0.5588541666666667 0.6296296296296297 0.10416666666666667 0.1425925925925926
0 0.5057291666666667 0.6356481481481482 0.05520833333333333 0.2638888888888889
0 0.4591145833333333 0.3921296296296296 0.04010416666666667 0.06759259259259259
0 0.4046875 0.37916666666666665 0.115625 0.20277777777777778
1 0.3 0.06620370370370371 0.11979166666666667 0.09351851851851851
1 0.34010416666666665 -0.060648148148148145 0.13125 0.18981481481481483
2 0.33307291666666666 -0.15833333333333333 0.10260416666666666 0.1388888888888889
1 0.7276041666666667 0.18055555555555555 0.08020833333333334 0.11481481481481481
1 0.5721354166666667 -0.19490740740740742 0.1171875 0.11203703703703703
1 0.6403645833333333 -0.09351851851851851 0.09635416666666667 0.12777777777777777
0 0.69921875 0.08101851851851852 0.06822916666666666 0.20092592592592592
0 0.6395833333333333 0.11388888888888889 0.13958333333333334 0.10925925925925926
0 0.6135416666666667 0.0 0.090625 0.08703703703703704
0 0.5744791666666667 0.025925925925925925 0.0625 0.26851851851851855
