0 0.7236979166666667 0.2175925925925926 0.10989583333333333 0.09814814814814815
2 0.834375 0.30694444444444446 0.06354166666666666 0.16203703703703703
0 0.7473958333333334 0.37222222222222223 0.121875 0.08703703703703704
0 0.7841145833333333 0.4532407407407407 0.0515625 0.22870370370370371
0 0.725 0.45740740740740743 0.04895833333333333 0.1814814814814815
0 0.7778645833333333 0.7944444444444444 0.06614583333333333 0.20925925925925926
0 0.5729166666666666 0.39537037037037037 0.08020833333333334 0.18518518518518517
0 0.5763020833333333 0.4898148148148148 0.1484375 0.09814814814814815
0 0.4393229166666667 0.5726851851851852 0.03802083333333333 0.0712962962962963
0 0.43203125 0.6694444444444444 0.1140625 0.20555555555555555
1 0.2559895833333333 0.8555555555555555 0.05260416666666667 0.21296296296296297
1 0.18463541666666666 0.7842592592592592 0.10677083333333333 0.23333333333333334
2 0.1296875 0.7967592592592593 0.078125 0.1824074074074074
1 0.3203125 0.09537037037037037 0.06458333333333334 0.1425925925925926
1 0.10911458333333333 0.37175925925925923 0.06302083333333333 0.20833333333333334
1 0.16614583333333333 0.25046296296296294 0.071875 0.1712962962962963
0 0.2643229166666667 0.14583333333333334 0.11302083333333333 0.12129629629629629
0 0.2828125 0.2518518518518518 0.06145833333333333 0.24814814814814815
0 0.21875 0.29814814814814816 0.04895833333333333 0.16111111111111112
0 0.23333333333333334 0.3675925925925926 0.15104166666666666 0.1111111111111111
