0 0.34010416666666665 0.9009259259259259 0.05625 0.19814814814814816
2 0.3888020833333333 1.0986111111111112 0.0921875 0.11388888888888889
0 0.4244791666666667 0.9398148148148148 0.052083333333333336 0.2111111111111111
0 0.4705729166666667 1.0092592592592593 0.1328125 0.08703703703703704
0 0.4739583333333333 0.9064814814814814 0.1 0.09074074074074075
2 0.6619791666666667 0.9958333333333333 0.11875 0.11388888888888889
0 0.43776041666666665 0.6310185185185185 0.1015625 0.14537037037037037
0 0.49166666666666664 0.6430555555555556 0.06145833333333333 0.2675925925925926
0 0.5403645833333334 0.39861111111111114 0.0390625 0.07685185185185185
0 0.5932291666666667 0.3861111111111111 0.115625 0.20185185185185187
1 0.7020833333333333 0.04490740740740741 0.121875 0.13055555555555556
1 0.66015625 -0.055092592592592596 0.13072916666666667 0.16203703703703703
2 0.6674479166666667 -0.15925925925925927 0.10052083333333334 0.14814814814814814
1 0.26927083333333335 0.1763888888888889 0.08125 0.12314814814814815
1 0.4231770833333333 -0.18796296296296297 0.1203125 0.09074074074074075
0 0.35494791666666664 -0.09074074074074075 0.09739583333333333 0.12222222222222222
0 0.29791666666666666 0.08194444444444444 0.07083333333333333 0.20833333333333334
0 0.3578125 0.11712962962962963 0.14270833333333333 0.11574074074074074
0 0.3828125 -0.000925925925925926 0.09270833333333334 0.08888888888888889
0 0.4234375 0.028703703703703703 0.059375 0.26851851851851855
