0 0.275 0.21666666666666667 0.11145833333333334 0.1
2 0.16380208333333332 0.30324074074074076 0.0640625 0.1638888888888889
0 0.253125 0.36666666666666664 0.11875 0.09259259259259259
0 0.2140625 0.4486111111111111 0.04895833333333333 0.2361111111111111
0 0.271875 0.4546296296296296 0.051041666666666666 0.17777777777777778
2 0.22161458333333334 0.7888888888888889 0.0640625 0.2111111111111111
0 0.42682291666666666 0.3902777777777778 0.08177083333333333 0.18055555555555555
0 0.4200520833333333 0.4861111111111111 0.15052083333333333 0.10925925925925926
0 0.5575520833333333 0.5726851851851852 0.043229166666666666 0.06944444444444445
0 0.5645833333333333 0.6666666666666666 0.11354166666666667 0.20555555555555555
1 0.7565104166666666 0.8601851851851852 0.0734375 0.21666666666666667
1 0.8127604166666667 0.7856481481481481 0.09114583333333333 0.2324074074074074
2 0.8713541666666667 0.7986111111111112 0.08333333333333333 0.1787037037037037
1 0.6822916666666666 0.09074074074074075 0.06875 0.14444444444444443
1 0.8875 0.36435185185185187 0.051041666666666666 0.21388888888888888
0 0.8328125 0.24305555555555555 0.06875 0.17314814814814813
0 0.7356770833333334 0.14166666666666666 0.1171875 0.1259259259259259
0 0.7158854166666667 0.24814814814814815 0.06510416666666667 0.2537037037037037
0 0.7822916666666667 0.29259259259259257 0.05 0.1648148148148148
0 0.765625 0.3648148148148148 0.15104166666666666 0.10555555555555556
