0 0.659375 0.9009259259259259 0.05625 0.19814814814814816
2 0.6106770833333334 1.0986111111111112 0.0921875 0.11388888888888889
0 0.575 0.9398148148148148 0.052083333333333336 0.2111111111111111
0 0.52890625 1.0092592592592593 0.1328125 0.08703703703703704
0 0.5255208333333333 0.9064814814814814 0.1 0.09074074074074075
2 0.3375 0.9958333333333333 0.11875 0.11388888888888889
0 0.56171875 0.6310185185185185 0.1015625 0.14537037037037037
0 0.5078125 0.6430555555555556 0.06145833333333333 0.2675925925925926
0 0.4591145833333333 0.39861111111111114 0.0390625 0.07685185185185185
0 0.40625 0.3861111111111111 0.115625 0.20185185185185187
1 0.29739583333333336 0.04490740740740741 0.121875 0.13055555555555556
1 0.33932291666666664 -0.055092592592592596 0.13072916666666667 0.16203703703703703
2 0.33203125 -0.15925925925925927 0.10052083333333334 0.14814814814814814
1 0.7302083333333333 0.17685185185185184 0.08125 0.12222222222222222
1 0.5763020833333333 -0.18796296296296297 0.1203125 0.09074074074074075
0 0.64453125 -0.09074074074074075 0.09739583333333333 0.12222222222222222
0 0.7015625 0.08194444444444444 0.07083333333333333 0.20833333333333334
0 0.6416666666666667 0.11712962962962963 0.14270833333333333 0.11574074074074074
0 0.6166666666666667 -0.000925925925925926 0.09270833333333334 0.08888888888888889
0 0.5760416666666667 0.028703703703703703 0.059375 0.26851851851851855
