0 0.34010416666666665 0.1 0.05625 0.19814814814814816
2 0.3888020833333333 -0.09768518518518518 0.0921875 0.11388888888888889
0 0.4244791666666667 0.06111111111111111 0.052083333333333336 0.2111111111111111
0 0.4705729166666667 -0.008333333333333333 0.1328125 0.08703703703703704
0 0.4739583333333333 0.09444444444444444 0.1 0.09074074074074075
2 0.6619791666666667 0.005092592592592593 0.11875 0.11388888888888889
0 0.43776041666666665 0.3699074074074074 0.1015625 0.14537037037037037
0 0.49166666666666664 0.3578703703703704 0.06145833333333333 0.2675925925925926
0 0.5403645833333334 0.6023148148148149 0.0390625 0.07685185185185185
0 0.5932291666666667 0.6148148148148148 0.115625 0.20185185185185187
1 0.7020833333333333 0.9560185185185185 0.121875 0.13055555555555556
1 0.66015625 1.0560185185185185 0.13072916666666667 0.16203703703703703
2 0.6674479166666667 1.1601851851851852 0.10052083333333334 0.14814814814814814
1 0.26927083333333335 0.8240740740740741 0.08125 0.12222222222222222
1 0.4231770833333333 1.1888888888888889 0.1203125 0.09074074074074075
0 0.35494791666666664 1.0916666666666666 0.09739583333333333 0.12222222222222222
0 0.29765625 0.9189814814814815 0.07135416666666666 0.20833333333333334
0 0.3578125 0.8837962962962963 0.14270833333333333 0.11574074074074074
0 0.3828125 1.0018518518518518 0.09270833333333334 0.08888888888888889
0 0.4234375 0.9722222222222222 0.059375 0.26851851851851855
