0 0.7244791666666667 0.21064814814814814 0.11354166666666667 0.10648148148148148
2 0.8364583333333333 0.29814814814814816 0.06354166666666666 0.16666666666666666
2 0.7796875 0.7930555555555555 0.06875 0.21203703703703702
2 0.12682291666666667 0.7981481481481482 0.08385416666666666 0.17222222222222222
0 0.7473958333333334 0.36574074074074076 0.11875 0.09814814814814815
0 0.78828125 0.4444444444444444 0.049479166666666664 0.2388888888888889
0 0.7270833333333333 0.45416666666666666 0.04895833333333333 0.175
0 0.5723958333333333 0.38657407407407407 0.084375 0.1824074074074074
0 0.58046875 0.4875 0.14739583333333334 0.09907407407407408
0 0.44036458333333334 0.5717592592592593 0.04010416666666667 0.06574074074074074
0 0.43255208333333334 0.6680555555555555 0.1171875 0.20277777777777778
1 0.24088541666666666 0.8731481481481481 0.08177083333333333 0.24259259259259258
1 0.18463541666666666 0.7907407407407407 0.08802083333333334 0.20925925925925926
1 0.31666666666666665 0.09212962962962963 0.075 0.14166666666666666
1 0.11640625 0.36203703703703705 0.05260416666666667 0.22592592592592592
0 0.16458333333333333 0.24814814814814815 0.07083333333333333 0.1685185185185185
0 0.2640625 0.14074074074074075 0.11354166666666667 0.1259259259259259
0 0.28411458333333334 0.24537037037037038 0.07135416666666666 0.2537037037037037
0 0.21770833333333334 0.29398148148148145 0.052083333333333336 0.16574074074074074
0 0.23411458333333332 0.36574074074074076 0.15572916666666667 0.10555555555555556
