0 0.2760416666666667 0.7902777777777777 0.11354166666666667 0.10648148148148148
2 0.1640625 0.7027777777777777 0.06354166666666666 0.16666666666666666
2 0.22083333333333333 0.20787037037037037 0.06875 0.21203703703703702
2 0.8736979166666666 0.20277777777777778 0.08385416666666666 0.17222222222222222
0 0.253125 0.6351851851851852 0.11875 0.09814814814814815
0 0.21223958333333334 0.5564814814814815 0.049479166666666664 0.2388888888888889
0 0.2734375 0.5467592592592593 0.04895833333333333 0.175
0 0.428125 0.6143518518518518 0.084375 0.1824074074074074
0 0.4200520833333333 0.513425925925926 0.14739583333333334 0.09907407407407408
0 0.56015625 0.42916666666666664 0.04010416666666667 0.06574074074074074
0 0.56796875 0.33287037037037037 0.1171875 0.20277777777777778
1 0.7596354166666667 0.12777777777777777 0.08177083333333333 0.24259259259259258
1 0.8158854166666667 0.2101851851851852 0.08802083333333334 0.20925925925925926
1 0.6838541666666667 0.9087962962962963 0.075 0.14166666666666666
1 0.8841145833333334 0.6388888888888888 0.05260416666666667 0.22592592592592592
0 0.8359375 0.7527777777777778 0.07083333333333333 0.1685185185185185
0 0.7364583333333333 0.8601851851851852 0.11354166666666667 0.1259259259259259
0 0.71640625 0.7555555555555555 0.07135416666666666 0.2537037037037037
0 0.7828125 0.7069444444444445 0.052083333333333336 0.16574074074074074
0 0.76640625 0.6351851851851852 0.15572916666666667 0.10555555555555556
