0 0.33671875 0.10185185185185185 0.059895833333333336 0.20185185185185187
2 0.3859375 -0.09722222222222222 0.09375 0.11296296296296296
2 0.6643229166666667 0.003703703703703704 0.11927083333333334 0.12222222222222222
2 0.6671875 1.1643518518518519 0.096875 0.14907407407407408
0 0.4239583333333333 0.06111111111111111 0.05520833333333333 0.2111111111111111
0 0.46822916666666664 -0.011574074074074073 0.134375 0.08796296296296297
0 0.47369791666666666 0.09722222222222222 0.0984375 0.08703703703703704
0 0.4356770833333333 0.37222222222222223 0.10260416666666666 0.15
0 0.49244791666666665 0.3578703703703704 0.05572916666666667 0.262037037037037
0 0.53984375 0.6069444444444444 0.03697916666666667 0.0712962962962963
0 0.5940104166666667 0.6208333333333333 0.1140625 0.20833333333333334
1 0.709375 0.961574074074074 0.13645833333333332 0.14537037037037037
1 0.6630208333333333 1.061574074074074 0.11770833333333333 0.15648148148148147
1 0.27005208333333336 0.8268518518518518 0.0796875 0.13333333333333333
1 0.421875 1.1828703703703705 0.12708333333333333 0.09351851851851851
0 0.3578125 1.0972222222222223 0.09479166666666666 0.1259259259259259
0 0.29713541666666665 0.9203703703703704 0.07135416666666666 0.20185185185185187
0 0.35625 0.8847222222222222 0.14270833333333333 0.12685185185185185
0 0.38359375 1.0027777777777778 0.09322916666666667 0.09259259259259259
0 0.4239583333333333 0.9736111111111111 0.059375 0.27685185185185185
