0 0.6627604166666666 0.899074074074074 0.059895833333333336 0.20185185185185187
2 0.6135416666666667 1.098148148148148 0.09375 0.11296296296296296
2 0.33515625 0.9972222222222222 0.11927083333333334 0.12222222222222222
2 0.33229166666666665 -0.16342592592592592 0.096875 0.14907407407407408
0 0.5755208333333334 0.9398148148148148 0.05520833333333333 0.2111111111111111
0 0.53125 1.0125 0.134375 0.08796296296296297
0 0.52578125 0.9037037037037037 0.0984375 0.08703703703703704
0 0.5638020833333334 0.6287037037037037 0.10260416666666666 0.15
0 0.50703125 0.6430555555555556 0.05572916666666667 0.262037037037037
0 0.4596354166666667 0.3939814814814815 0.03697916666666667 0.0712962962962963
0 0.40546875 0.3800925925925926 0.1140625 0.20833333333333334
1 0.29010416666666666 0.03935185185185185 0.13645833333333332 0.14537037037037037
1 0.33645833333333336 -0.060648148148148145 0.11770833333333333 0.15648148148148147
1 0.7294270833333333 0.17407407407407408 0.0796875 0.13333333333333333
1 0.5776041666666667 -0.18194444444444444 0.12708333333333333 0.09351851851851851
0 0.6416666666666667 -0.0962962962962963 0.09479166666666666 0.1259259259259259
0 0.7020833333333333 0.08055555555555556 0.07083333333333333 0.20185185185185187
0 0.6432291666666666 0.1162037037037037 0.14270833333333333 0.12685185185185185
0 0.6158854166666666 -0.001851851851851852 0.09322916666666667 0.09259259259259259
0 0.5755208333333334 0.027314814814814816 0.059375 0.27685185185185185
