0 0.33619791666666665 0.10740740740740741 0.05572916666666667 0.19814814814814816
2 0.3848958333333333 -0.09074074074074075 0.08958333333333333 0.11851851851851852
0 0.42083333333333334 0.06527777777777778 0.052083333333333336 0.21203703703703702
0 0.4671875 -0.001851851851851852 0.128125 0.08703703703703704
0 0.47109375 0.10046296296296296 0.10260416666666666 0.09166666666666666
2 0.6604166666666667 0.006481481481481481 0.11979166666666667 0.11666666666666667
0 0.43515625 0.37546296296296294 0.1015625 0.14537037037037037
0 0.4903645833333333 0.36574074074074076 0.05572916666666667 0.25925925925925924
0 0.5372395833333333 0.612037037037037 0.03802083333333333 0.07037037037037037
0 0.59140625 0.624537037037037 0.11822916666666666 0.20277777777777778
1 0.7109375 0.9472222222222222 0.13541666666666666 0.10740740740740741
0 0.66171875 1.0648148148148149 0.12447916666666667 0.17407407407407408
2 0.6669270833333333 1.1699074074074074 0.1015625 0.14907407407407408
1 0.26640625 0.8351851851851851 0.08385416666666666 0.1388888888888889
0 0.29453125 0.9263888888888889 0.07239583333333334 0.20833333333333334
0 0.3536458333333333 0.8930555555555556 0.14166666666666666 0.1175925925925926
0 0.3815104166666667 1.0041666666666667 0.09322916666666667 0.08055555555555556
0 0.3541666666666667 1.1027777777777779 0.09895833333333333 0.12407407407407407
0 0.42109375 0.9773148148148149 0.06197916666666667 0.2638888888888889
1 0.42161458333333335 1.1791666666666667 0.1265625 0.09722222222222222
