0 0.33619791666666665 0.8935185185185185 0.05572916666666667 0.19814814814814816
2 0.3848958333333333 1.0916666666666666 0.08958333333333333 0.11851851851851852
0 0.42083333333333334 0.9356481481481481 0.052083333333333336 0.21203703703703702
0 0.4671875 1.0027777777777778 0.128125 0.08703703703703704
0 0.47109375 0.9004629629629629 0.10260416666666666 0.09166666666666666
2 0.6604166666666667 0.9944444444444445 0.11979166666666667 0.11666666666666667
0 0.43515625 0.625462962962963 0.1015625 0.14537037037037037
0 0.4903645833333333 0.6351851851851852 0.05572916666666667 0.25925925925925924
0 0.5372395833333333 0.3888888888888889 0.03802083333333333 0.07037037037037037
0 0.59140625 0.3763888888888889 0.11822916666666666 0.20277777777777778
1 0.7109375 0.053703703703703705 0.13541666666666666 0.10740740740740741
0 0.66171875 -0.06388888888888888 0.12447916666666667 0.17407407407407408
2 0.6669270833333333 -0.16898148148148148 0.1015625 0.14907407407407408
1 0.26640625 0.16527777777777777 0.08385416666666666 0.1398148148148148
0 0.2947916666666667 0.07453703703703704 0.071875 0.20833333333333334
0 0.3536458333333333 0.10787037037037037 0.14166666666666666 0.1175925925925926
0 0.3815104166666667 -0.0032407407407407406 0.09322916666666667 0.08055555555555556
0 0.3541666666666667 -0.10185185185185185 0.09895833333333333 0.12407407407407407
0 0.42109375 0.02361111111111111 0.06197916666666667 0.2638888888888889
1 0.42161458333333335 -0.17824074074074073 0.1265625 0.09722222222222222
