0 0.66328125 0.8935185185185185 0.05572916666666667 0.19814814814814816
2 0.6145833333333334 1.0916666666666666 0.08958333333333333 0.11851851851851852
0 0.5786458333333333 0.9356481481481481 0.052083333333333336 0.21203703703703702
0 0.5322916666666667 1.0027777777777778 0.128125 0.08703703703703704
0 0.5283854166666667 0.9004629629629629 0.10260416666666666 0.09166666666666666
2 0.3390625 0.9944444444444445 0.11979166666666667 0.11666666666666667
0 0.5643229166666667 0.625462962962963 0.1015625 0.14537037037037037
0 0.5091145833333334 0.6351851851851852 0.05572916666666667 0.25925925925925924
0 0.4622395833333333 0.3888888888888889 0.03802083333333333 0.07037037037037037
0 0.4080729166666667 0.3763888888888889 0.11822916666666666 0.20277777777777778
1 0.28854166666666664 0.053703703703703705 0.13541666666666666 0.10740740740740741
0 0.3377604166666667 -0.06388888888888888 0.12447916666666667 0.17407407407407408
2 0.33255208333333336 -0.16898148148148148 0.1015625 0.14907407407407408
1 0.7330729166666666 0.16574074074074074 0.08385416666666666 0.1388888888888889
0 0.7046875 0.07453703703703704 0.071875 0.20833333333333334
0 0.6458333333333334 0.10787037037037037 0.14166666666666666 0.1175925925925926
0 0.61796875 -0.0032407407407407406 0.09322916666666667 0.08055555555555556
0 0.6453125 -0.10185185185185185 0.09895833333333333 0.12407407407407407
0 0.5783854166666667 0.02361111111111111 0.06197916666666667 0.2638888888888889
1 0.5778645833333333 -0.17824074074074073 0.1265625 0.09722222222222222
