0 0.2791666666666667 0.20972222222222223 0.11145833333333334 0.09907407407407408
2 0.16770833333333332 0.2962962962962963 0.06666666666666667 0.15925925925925927
0 0.25546875 0.36018518518518516 0.11927083333333334 0.09259259259259259
0 0.21770833333333334 0.4425925925925926 0.04895833333333333 0.22777777777777777
0 0.2752604166666667 0.449537037037037 0.0515625 0.1824074074074074
2 0.22239583333333332 0.7861111111111111 0.065625 0.21296296296296297
0 0.42994791666666665 0.38564814814814813 0.08177083333333333 0.18055555555555555
0 0.4244791666666667 0.4837962962962963 0.14583333333333334 0.09907407407407408
0 0.5630208333333333 0.5671296296296297 0.03958333333333333 0.06759259259259259
0 0.5700520833333333 0.663425925925926 0.1140625 0.2101851851851852
1 0.7515625 0.8759259259259259 0.06041666666666667 0.24074074074074073
0 0.8177083333333334 0.788425925925926 0.09791666666666667 0.2212962962962963
2 0.8768229166666667 0.7976851851851852 0.08385416666666666 0.18055555555555555
1 0.6885416666666667 0.08564814814814815 0.078125 0.14907407407407408
0 0.73984375 0.1361111111111111 0.1171875 0.12777777777777777
0 0.72109375 0.24074074074074073 0.06614583333333333 0.2518518518518518
0 0.78359375 0.2902777777777778 0.0453125 0.16574074074074074
0 0.8390625 0.24166666666666667 0.06979166666666667 0.17592592592592593
0 0.7684895833333333 0.36064814814814816 0.1484375 0.11018518518518519
1 0.88203125 0.36157407407407405 0.0546875 0.225
