0 0.278125 0.20972222222222223 0.10625 0.10648148148148148
2 0.16901041666666666 0.29814814814814816 0.06302083333333333 0.15555555555555556
0 0.25755208333333335 0.3638888888888889 0.1203125 0.09444444444444444
0 0.21822916666666667 0.44537037037037036 0.04895833333333333 0.23148148148148148
0 0.27630208333333334 0.44814814814814813 0.049479166666666664 0.17222222222222222
2 0.22526041666666666 0.7935185185185185 0.06614583333333333 0.20925925925925926
0 0.43046875 0.3907407407407407 0.08177083333333333 0.19444444444444445
0 0.42526041666666664 0.4847222222222222 0.14947916666666666 0.10092592592592593
0 0.5666666666666667 0.5726851851851852 0.034375 0.06388888888888888
0 0.5747395833333333 0.6648148148148149 0.11510416666666666 0.20925925925925926
1 0.7497395833333333 0.8782407407407408 0.0484375 0.24351851851851852
1 0.8065104166666667 0.8138888888888889 0.06822916666666666 0.1814814814814815
2 0.88046875 0.8004629629629629 0.08385416666666666 0.1824074074074074
0 0.6942708333333333 0.0824074074074074 0.08125 0.14814814814814814
0 0.7427083333333333 0.13657407407407407 0.11458333333333333 0.12314814814814815
1 0.7255208333333333 0.24768518518518517 0.06770833333333333 0.25092592592592594
1 0.8861979166666667 0.35833333333333334 0.0609375 0.22777777777777777
0 0.84375 0.2462962962962963 0.07604166666666666 0.17777777777777778
0 0.7880208333333333 0.28888888888888886 0.05416666666666667 0.1685185185185185
0 0.7721354166666666 0.3625 0.15260416666666668 0.10462962962962963
