0 0.33619791666666665 0.10555555555555556 0.059895833333333336 0.18888888888888888
2 0.3859375 -0.08842592592592592 0.0875 0.11203703703703703
0 0.42291666666666666 0.06898148148148148 0.053125 0.21388888888888888
0 0.46875 -0.000925925925925926 0.13020833333333334 0.08703703703703704
0 0.4703125 0.10231481481481482 0.096875 0.08796296296296297
2 0.6645833333333333 0.011574074074074073 0.11770833333333333 0.1175925925925926
0 0.43802083333333336 0.3763888888888889 0.109375 0.14537037037037037
0 0.4908854166666667 0.36712962962962964 0.05677083333333333 0.2657407407407407
0 0.5403645833333334 0.6185185185185185 0.0359375 0.06111111111111111
0 0.5921875 0.6328703703703704 0.11770833333333333 0.20462962962962963
1 0.7122395833333334 0.9439814814814815 0.13697916666666668 0.08611111111111111
1 0.6760416666666667 1.0449074074074074 0.10208333333333333 0.12129629629629629
2 0.6684895833333333 1.176388888888889 0.10260416666666666 0.14907407407407408
0 0.26458333333333334 0.8453703703703703 0.08333333333333333 0.14444444444444443
0 0.2947916666666667 0.9314814814814815 0.06979166666666667 0.2037037037037037
1 0.3575520833333333 0.9009259259259259 0.14114583333333333 0.12037037037037036
1 0.4197916666666667 1.186574074074074 0.128125 0.10833333333333334
0 0.3567708333333333 1.1111111111111112 0.1 0.13518518518518519
0 0.3807291666666667 1.012037037037037 0.09479166666666666 0.0962962962962963
0 0.42213541666666665 0.9837962962962963 0.058854166666666666 0.2712962962962963
