0 0.7223958333333333 0.20972222222222223 0.10625 0.10648148148148148
2 0.8315104166666667 0.29814814814814816 0.06302083333333333 0.15555555555555556
0 0.74296875 0.3638888888888889 0.1203125 0.09444444444444444
0 0.7822916666666667 0.44537037037037036 0.04895833333333333 0.23148148148148148
0 0.72421875 0.44814814814814813 0.049479166666666664 0.17222222222222222
2 0.7752604166666667 0.7935185185185185 0.06614583333333333 0.20925925925925926
0 0.5700520833333333 0.3907407407407407 0.08177083333333333 0.19444444444444445
0 0.5752604166666667 0.4847222222222222 0.14947916666666666 0.10092592592592593
0 0.43385416666666665 0.5726851851851852 0.034375 0.06388888888888888
0 0.42578125 0.6648148148148149 0.11510416666666666 0.20925925925925926
1 0.25078125 0.8782407407407408 0.0484375 0.24351851851851852
1 0.19401041666666666 0.8138888888888889 0.06822916666666666 0.1814814814814815
2 0.12005208333333334 0.8004629629629629 0.08385416666666666 0.1824074074074074
0 0.30625 0.0824074074074074 0.08125 0.14814814814814814
0 0.2578125 0.13657407407407407 0.11458333333333333 0.12314814814814815
1 0.275 0.24768518518518517 0.06770833333333333 0.25092592592592594
1 0.11432291666666666 0.35833333333333334 0.0609375 0.22777777777777777
0 0.15677083333333333 0.2462962962962963 0.07604166666666666 0.17777777777777778
0 0.2125 0.28888888888888886 0.05416666666666667 0.1685185185185185
0 0.22838541666666667 0.3625 0.15260416666666668 0.10462962962962963
