0 0.6625 0.8902777777777777 0.06145833333333333 0.19722222222222222
2 0.6161458333333333 1.0888888888888888 0.08958333333333333 0.1259259259259259
0 0.5783854166666667 0.9310185185185185 0.0546875 0.21388888888888888
0 0.5315104166666667 0.9958333333333333 0.1328125 0.09166666666666666
0 0.5299479166666666 0.888425925925926 0.09947916666666666 0.10092592592592593
2 0.33932291666666664 0.9902777777777778 0.1234375 0.1287037037037037
0 0.5630208333333333 0.6203703703703703 0.109375 0.14814814814814814
0 0.50859375 0.6305555555555555 0.05677083333333333 0.26666666666666666
0 0.4591145833333333 0.37824074074074077 0.034895833333333334 0.07314814814814814
0 0.4083333333333333 0.37083333333333335 0.11875 0.2101851851851852
1 0.30104166666666665 0.0625 0.11770833333333333 0.0824074074074074
1 0.32447916666666665 -0.04675925925925926 0.06666666666666667 0.10833333333333334
2 0.3328125 -0.17592592592592593 0.09895833333333333 0.15
1 0.7361979166666667 0.15416666666666667 0.08697916666666666 0.1361111111111111
1 0.5846354166666666 -0.18472222222222223 0.13489583333333333 0.10092592592592593
0 0.7046875 0.06712962962962964 0.06979166666666667 0.20462962962962963
0 0.6450520833333333 -0.11388888888888889 0.10260416666666666 0.1425925925925926
0 0.64609375 0.10046296296296296 0.14427083333333332 0.11944444444444445
0 0.6174479166666667 -0.015277777777777777 0.0921875 0.0824074074074074
0 0.5768229166666666 0.016203703703703703 0.0609375 0.28055555555555556
