0 0.33697916666666666 0.8902777777777777 0.06145833333333333 0.19722222222222222
2 0.38333333333333336 1.0888888888888888 0.08958333333333333 0.1259259259259259
0 0.42109375 0.9310185185185185 0.0546875 0.21388888888888888
0 0.46796875 0.9958333333333333 0.1328125 0.09166666666666666
0 0.46953125 0.888425925925926 0.09947916666666666 0.10092592592592593
2 0.66015625 0.9902777777777778 0.1234375 0.1287037037037037
0 0.43645833333333334 0.6203703703703703 0.109375 0.14814814814814814
0 0.4908854166666667 0.6305555555555555 0.05677083333333333 0.26666666666666666
0 0.5403645833333334 0.37824074074074077 0.034895833333333334 0.07314814814814814
0 0.5911458333333334 0.37083333333333335 0.11875 0.2101851851851852
1 0.6984375 0.0625 0.11770833333333333 0.0824074074074074
1 0.675 -0.04675925925925926 0.06666666666666667 0.10833333333333334
2 0.6666666666666666 -0.17592592592592593 0.09895833333333333 0.15
1 0.26328125 0.1537037037037037 0.08697916666666666 0.13703703703703704
1 0.41484375 -0.18472222222222223 0.13489583333333333 0.10092592592592593
0 0.2947916666666667 0.06712962962962964 0.06979166666666667 0.20462962962962963
0 0.35442708333333334 -0.11388888888888889 0.10260416666666666 0.1425925925925926
0 0.3533854166666667 0.10046296296296296 0.14427083333333332 0.11944444444444445
0 0.38203125 -0.015277777777777777 0.0921875 0.0824074074074074
0 0.42265625 0.016203703703703703 0.0609375 0.28055555555555556
