0 0.33697916666666666 0.11064814814814815 0.06145833333333333 0.19722222222222222
2 0.38333333333333336 -0.08796296296296297 0.08958333333333333 0.1259259259259259
0 0.42109375 0.0699074074074074 0.0546875 0.21388888888888888
0 0.46796875 0.005092592592592593 0.1328125 0.09166666666666666
0 0.46953125 0.1125 0.09947916666666666 0.10092592592592593
2 0.66015625 0.010648148148148148 0.1234375 0.1287037037037037
0 0.43645833333333334 0.38055555555555554 0.109375 0.14814814814814814
0 0.4908854166666667 0.37037037037037035 0.05677083333333333 0.26666666666666666
0 0.5403645833333334 0.6226851851851852 0.034895833333333334 0.07314814814814814
0 0.5911458333333334 0.6300925925925925 0.11875 0.2101851851851852
1 0.6984375 0.9384259259259259 0.11770833333333333 0.0824074074074074
1 0.675 1.0476851851851852 0.06666666666666667 0.10833333333333334
2 0.6666666666666666 1.1768518518518518 0.09895833333333333 0.15
1 0.26328125 0.8467592592592592 0.08697916666666666 0.1361111111111111
1 0.41484375 1.1856481481481482 0.13489583333333333 0.10092592592592593
0 0.29453125 0.9337962962962963 0.0703125 0.20462962962962963
0 0.35442708333333334 1.114814814814815 0.10260416666666666 0.1425925925925926
0 0.3533854166666667 0.9004629629629629 0.14427083333333332 0.11944444444444445
0 0.38203125 1.0162037037037037 0.0921875 0.0824074074074074
0 0.42265625 0.9847222222222223 0.0609375 0.28055555555555556
