0 0.71953125 0.2111111111111111 0.1109375 0.10925925925925926
2 0.83125 0.2935185185185185 0.07083333333333333 0.15925925925925927
0 0.7424479166666667 0.36064814814814816 0.1203125 0.09722222222222222
0 0.77890625 0.4439814814814815 0.0515625 0.2361111111111111
0 0.7184895833333333 0.44675925925925924 0.05677083333333333 0.17685185185185184
2 0.77578125 0.7856481481481481 0.07239583333333334 0.21944444444444444
0 0.5677083333333334 0.38796296296296295 0.08333333333333333 0.19444444444444445
0 0.5734375 0.4847222222222222 0.15 0.10092592592592593
0 0.4315104166666667 0.5726851851851852 0.04114583333333333 0.062037037037037036
0 0.42734375 0.662962962962963 0.11822916666666666 0.2111111111111111
1 0.25390625 0.8537037037037037 0.04635416666666667 0.20925925925925926
1 0.19244791666666666 0.812037037037037 0.0609375 0.11851851851851852
2 0.11979166666666667 0.7972222222222223 0.084375 0.17592592592592593
1 0.30546875 0.08009259259259259 0.0765625 0.15462962962962962
1 0.11484375 0.34953703703703703 0.05677083333333333 0.23981481481481481
0 0.2565104166666667 0.1361111111111111 0.11510416666666666 0.12407407407407407
0 0.1546875 0.24212962962962964 0.08020833333333334 0.1824074074074074
0 0.2752604166666667 0.24027777777777778 0.0671875 0.2564814814814815
0 0.21015625 0.2912037037037037 0.04635416666666667 0.1638888888888889
0 0.22786458333333334 0.36342592592592593 0.1578125 0.10833333333333334
