0 0.28098958333333335 0.7898148148148149 0.1109375 0.10925925925925926
2 0.16927083333333334 0.7074074074074074 0.07083333333333333 0.15925925925925927
0 0.25807291666666665 0.6402777777777777 0.1203125 0.09722222222222222
0 0.22161458333333334 0.5569444444444445 0.0515625 0.2361111111111111
0 0.28203125 0.5541666666666667 0.05677083333333333 0.17685185185185184
2 0.22473958333333333 0.2152777777777778 0.07239583333333334 0.21944444444444444
0 0.4328125 0.6129629629629629 0.08333333333333333 0.19444444444444445
0 0.4270833333333333 0.5162037037037037 0.15 0.10092592592592593
0 0.5690104166666666 0.42824074074074076 0.04114583333333333 0.062037037037037036
0 0.5731770833333333 0.33796296296296297 0.11822916666666666 0.2111111111111111
1 0.7466145833333333 0.14722222222222223 0.04635416666666667 0.20925925925925926
1 0.8080729166666667 0.18888888888888888 0.0609375 0.11851851851851852
2 0.8807291666666667 0.2037037037037037 0.084375 0.17592592592592593
1 0.6950520833333333 0.9208333333333333 0.0765625 0.15462962962962962
1 0.8856770833333333 0.6513888888888889 0.05677083333333333 0.23981481481481481
0 0.7440104166666667 0.8648148148148148 0.11510416666666666 0.12407407407407407
0 0.8458333333333333 0.7587962962962963 0.08020833333333334 0.1824074074074074
0 0.7252604166666666 0.7606481481481482 0.0671875 0.2564814814814815
0 0.7903645833333334 0.7097222222222223 0.04635416666666667 0.1638888888888889
0 0.77265625 0.6375 0.1578125 0.10833333333333334
