0 0.7276041666666667 0.20555555555555555 0.11041666666666666 0.10185185185185185
2 0.8393229166666667 0.2902777777777778 0.06822916666666666 0.15833333333333333
0 0.75078125 0.36018518518518516 0.11927083333333334 0.09259259259259259
0 0.790625 0.44166666666666665 0.05 0.23148148148148148
0 0.7296875 0.44722222222222224 0.046875 0.17407407407407408
2 0.7825520833333334 0.7851851851851852 0.07135416666666666 0.21481481481481482
0 0.575 0.38425925925925924 0.08333333333333333 0.18888888888888888
0 0.5807291666666666 0.4828703703703704 0.146875 0.09722222222222222
0 0.44140625 0.5685185185185185 0.04010416666666667 0.05925925925925926
0 0.4354166666666667 0.6583333333333333 0.11354166666666667 0.20925925925925926
1 0.32005208333333335 0.08101851851851852 0.06822916666666666 0.15833333333333333
0 0.2669270833333333 0.1337962962962963 0.11197916666666667 0.12685185185185185
1 0.28567708333333336 0.24351851851851852 0.0671875 0.24259259259259258
0 0.22109375 0.287962962962963 0.0484375 0.1685185185185185
0 0.16510416666666666 0.24351851851851852 0.071875 0.17962962962962964
1 0.12916666666666668 0.3333333333333333 0.046875 0.23703703703703705
0 0.23671875 0.36018518518518516 0.1546875 0.10185185185185185
1 0.25807291666666665 0.8518518518518519 0.0515625 0.20555555555555555
1 0.13020833333333334 0.7916666666666666 0.08541666666666667 0.1685185185185185
0 0.19557291666666668 0.7958333333333333 0.06822916666666666 0.12685185185185185
