0 0.3338541666666667 0.9046296296296297 0.057291666666666664 0.1962962962962963
2 0.3815104166666667 1.1032407407407407 0.0890625 0.12129629629629629
0 0.42083333333333334 0.9458333333333333 0.052083333333333336 0.21203703703703702
0 0.4666666666666667 1.0166666666666666 0.13020833333333334 0.08888888888888889
0 0.46979166666666666 0.9083333333333333 0.09791666666666667 0.08333333333333333
2 0.6598958333333333 1.0023148148148149 0.12083333333333333 0.12685185185185185
0 0.434375 0.6333333333333333 0.10625 0.14814814814814814
0 0.48984375 0.6435185185185185 0.0546875 0.2611111111111111
0 0.5380208333333333 0.3958333333333333 0.03333333333333333 0.0712962962962963
0 0.5885416666666666 0.3851851851851852 0.11770833333333333 0.20185185185185187
1 0.2638020833333333 0.17962962962962964 0.0890625 0.12222222222222222
0 0.29348958333333336 0.08564814814814815 0.07135416666666666 0.19907407407407407
1 0.35520833333333335 0.11898148148148148 0.13645833333333332 0.11944444444444445
0 0.3802083333333333 0.004166666666666667 0.09479166666666666 0.08611111111111111
0 0.35520833333333335 -0.09537037037037037 0.10104166666666667 0.12777777777777777
1 0.40572916666666664 -0.15925925925925927 0.13333333333333333 0.08333333333333333
0 0.42083333333333334 0.03194444444444444 0.057291666666666664 0.275
1 0.6973958333333333 0.0699074074074074 0.115625 0.09166666666666666
1 0.6635416666666667 -0.1574074074074074 0.09479166666666666 0.15185185185185185
0 0.6658854166666667 -0.0412037037037037 0.07135416666666666 0.12129629629629629
