0 0.3338541666666667 0.0962962962962963 0.057291666666666664 0.1962962962962963
2 0.3815104166666667 -0.10231481481481482 0.0890625 0.12129629629629629
0 0.42083333333333334 0.055092592592592596 0.052083333333333336 0.21203703703703702
0 0.4666666666666667 -0.01574074074074074 0.13020833333333334 0.08888888888888889
0 0.46979166666666666 0.09259259259259259 0.09791666666666667 0.08333333333333333
2 0.6598958333333333 -0.001388888888888889 0.12083333333333333 0.12685185185185185
0 0.434375 0.3675925925925926 0.10625 0.14814814814814814
0 0.48984375 0.3574074074074074 0.0546875 0.2611111111111111
0 0.5380208333333333 0.6050925925925926 0.03333333333333333 0.0712962962962963
0 0.5885416666666666 0.6157407407407407 0.11770833333333333 0.20185185185185187
1 0.2638020833333333 0.8208333333333333 0.0890625 0.12129629629629629
0 0.29322916666666665 0.9152777777777777 0.071875 0.19907407407407407
1 0.35520833333333335 0.8819444444444444 0.13645833333333332 0.11944444444444445
0 0.3802083333333333 0.9967592592592592 0.09479166666666666 0.08611111111111111
0 0.35520833333333335 1.0962962962962963 0.10104166666666667 0.12777777777777777
1 0.40572916666666664 1.1601851851851852 0.13333333333333333 0.08333333333333333
0 0.42083333333333334 0.9689814814814814 0.057291666666666664 0.275
1 0.6973958333333333 0.9310185185185185 0.115625 0.09166666666666666
1 0.6635416666666667 1.1583333333333334 0.09479166666666666 0.15185185185185185
0 0.6658854166666667 1.0421296296296296 0.07135416666666666 0.12129629629629629
