0 0.26875 0.20694444444444443 0.11354166666666667 0.10462962962962963
2 0.15755208333333334 0.2935185185185185 0.06510416666666667 0.1574074074074074
0 0.2484375 0.35833333333333334 0.12083333333333333 0.09259259259259259
0 0.20703125 0.44305555555555554 0.0484375 0.22870370370370371
0 0.26848958333333334 0.44675925925925924 0.0484375 0.17685185185185184
2 0.21432291666666667 0.788425925925926 0.0703125 0.2175925925925926
1 0.42265625 0.387037037037037 0.08177083333333333 0.19444444444444445
0 0.4153645833333333 0.4791666666666667 0.15260416666666668 0.10277777777777777
1 0.6783854166666666 0.07962962962962963 0.06822916666666666 0.1574074074074074
1 0.7098958333333333 0.2462962962962963 0.071875 0.24444444444444444
0 0.7322916666666667 0.1361111111111111 0.11458333333333333 0.12962962962962962
1 0.83125 0.2439814814814815 0.07083333333333333 0.17314814814814813
1 0.8653645833333333 0.3333333333333333 0.0484375 0.23703703703703705
1 0.7630208333333334 0.362962962962963 0.153125 0.1
0 0.7778645833333333 0.2898148148148148 0.049479166666666664 0.17037037037037037
1 0.7380208333333333 0.8569444444444444 0.04583333333333333 0.20277777777777778
0 0.7986979166666667 0.7870370370370371 0.059895833333333336 0.14814814814814814
2 0.8692708333333333 0.7944444444444444 0.08229166666666667 0.17407407407407408
