0 0.66484375 0.9120370370370371 0.058854166666666666 0.20185185185185187
2 0.6161458333333333 1.1097222222222223 0.08854166666666667 0.11574074074074074
0 0.5796875 0.9481481481481482 0.052083333333333336 0.21481481481481482
0 0.53203125 1.0217592592592593 0.12864583333333332 0.08611111111111111
0 0.5299479166666666 0.9125 0.09947916666666666 0.08611111111111111
2 0.3377604166666667 1.0087962962962962 0.12239583333333333 0.125
1 0.5635416666666667 0.638425925925926 0.109375 0.14537037037037037
0 0.51171875 0.6513888888888889 0.0578125 0.2712962962962963
1 0.7364583333333333 0.1837962962962963 0.08854166666666667 0.12129629629629629
1 0.6427083333333333 0.12777777777777777 0.1375 0.12777777777777777
0 0.7046875 0.08796296296296297 0.07291666666666667 0.2037037037037037
1 0.6440104166666667 -0.08796296296296297 0.09739583333333333 0.1259259259259259
1 0.59375 -0.1486111111111111 0.13333333333333333 0.08611111111111111
1 0.5770833333333333 0.03333333333333333 0.05625 0.2722222222222222
0 0.6182291666666667 0.006944444444444444 0.09583333333333334 0.08796296296296297
1 0.29921875 0.07731481481481481 0.1140625 0.0824074074074074
0 0.3385416666666667 -0.03009259259259259 0.08333333333333333 0.10648148148148148
2 0.334375 -0.15555555555555556 0.09791666666666667 0.14629629629629629
