0 0.73828125 0.23657407407407408 0.10260416666666666 0.09907407407407408
2 0.8484375 0.3148148148148148 0.065625 0.1537037037037037
0 0.7611979166666667 0.3768518518518518 0.11302083333333333 0.08148148148148149
0 0.79453125 0.45092592592592595 0.05364583333333333 0.2222222222222222
2 0.790625 0.7773148148148148 0.06145833333333333 0.2064814814814815
0 0.73984375 0.4625 0.0453125 0.16574074074074074
0 0.5955729166666667 0.4060185185185185 0.08802083333333334 0.16574074074074074
0 0.6010416666666667 0.4949074074074074 0.13645833333333332 0.09166666666666666
0 0.478125 0.5337962962962963 0.036458333333333336 0.20462962962962963
0 0.46875 0.662962962962963 0.109375 0.19074074074074074
0 0.4278645833333333 0.711574074074074 0.028645833333333332 0.05462962962962963
0 0.33151041666666664 0.7652777777777777 0.024479166666666666 0.06574074074074074
0 0.19166666666666668 0.7777777777777778 0.06875 0.18333333333333332
0 0.3067708333333333 0.899537037037037 0.035416666666666666 0.06388888888888888
0 0.38229166666666664 0.18194444444444444 0.05520833333333333 0.20833333333333334
0 0.29661458333333335 0.15555555555555556 0.0859375 0.15555555555555556
0 0.3255208333333333 0.26481481481481484 0.057291666666666664 0.25555555555555554
0 0.28125 0.38842592592592595 0.13541666666666666 0.09351851851851851
0 0.2677083333333333 0.3212962962962963 0.042708333333333334 0.1574074074074074
0 0.21145833333333333 0.2847222222222222 0.07395833333333333 0.175
0 0.17005208333333333 0.4722222222222222 0.08489583333333334 0.17962962962962964
