0 0.6481770833333333 0.9236111111111112 0.05572916666666667 0.1824074074074074
2 0.6041666666666666 1.1194444444444445 0.08645833333333333 0.11666666666666667
0 0.5692708333333333 0.9643518518518519 0.04583333333333333 0.20092592592592592
0 0.5276041666666667 1.023611111111111 0.125 0.09537037037037037
2 0.34401041666666665 1.0166666666666666 0.11614583333333334 0.10925925925925926
0 0.52109375 0.9263888888888889 0.09322916666666667 0.08055555555555556
0 0.5528645833333333 0.6699074074074074 0.09322916666666667 0.15648148148148147
0 0.5028645833333333 0.6796296296296296 0.0515625 0.24259259259259258
0 0.48098958333333336 0.46111111111111114 0.11510416666666666 0.06481481481481481
0 0.4083333333333333 0.4444444444444444 0.10729166666666666 0.19444444444444445
0 0.3809895833333333 0.37175925925925923 0.030729166666666665 0.05092592592592592
0 0.35078125 0.20046296296296295 0.03697916666666667 0.04351851851851852
0 0.34375 -0.04814814814814815 0.103125 0.12222222222222222
0 0.2752604166666667 0.15601851851851853 0.0359375 0.06388888888888888
0 0.67890625 0.29074074074074074 0.1171875 0.09814814814814815
0 0.69375 0.13842592592592592 0.0875 0.1527777777777778
0 0.6322916666666667 0.18981481481481483 0.14375 0.10185185185185185
0 0.5627604166666667 0.1111111111111111 0.05260416666666667 0.24074074074074073
0 0.6005208333333333 0.08703703703703704 0.08854166666666667 0.07592592592592592
0 0.62109375 -0.012962962962962963 0.0984375 0.13148148148148148
0 0.515625 -0.08657407407407407 0.10104166666666667 0.15092592592592594
