0 0.26223958333333336 0.7643518518518518 0.10260416666666666 0.09907407407407408
2 0.15208333333333332 0.6861111111111111 0.065625 0.1537037037037037
0 0.23932291666666666 0.6240740740740741 0.11302083333333333 0.08148148148148149
0 0.20598958333333334 0.55 0.05364583333333333 0.2222222222222222
2 0.20989583333333334 0.22361111111111112 0.06145833333333333 0.2064814814814815
0 0.26067708333333334 0.538425925925926 0.0453125 0.16574074074074074
0 0.4049479166666667 0.5949074074074074 0.08802083333333334 0.16574074074074074
0 0.39947916666666666 0.5060185185185185 0.13645833333333332 0.09166666666666666
0 0.5223958333333333 0.4671296296296296 0.036458333333333336 0.20462962962962963
0 0.5317708333333333 0.33796296296296297 0.109375 0.19074074074074074
0 0.57265625 0.28935185185185186 0.028645833333333332 0.05462962962962963
0 0.6690104166666667 0.23564814814814813 0.024479166666666666 0.06574074074074074
0 0.8088541666666667 0.22314814814814815 0.06875 0.18333333333333332
0 0.69375 0.10138888888888889 0.035416666666666666 0.06388888888888888
0 0.6182291666666667 0.8189814814814815 0.05520833333333333 0.20833333333333334
0 0.70390625 0.8453703703703703 0.0859375 0.15555555555555556
0 0.675 0.7361111111111112 0.057291666666666664 0.25555555555555554
0 0.7192708333333333 0.6125 0.13541666666666666 0.09351851851851851
0 0.7328125 0.6796296296296296 0.042708333333333334 0.1574074074074074
0 0.7890625 0.7162037037037037 0.07395833333333333 0.175
0 0.83046875 0.5287037037037037 0.08489583333333334 0.17962962962962964
