0 0.7296875 0.2023148148148148 0.11041666666666666 0.10092592592592593
2 0.8401041666666667 0.2884259259259259 0.07083333333333333 0.1675925925925926
0 0.7518229166666667 0.3592592592592593 0.12135416666666667 0.1
0 0.790625 0.4398148148148148 0.05 0.2351851851851852
0 0.7307291666666667 0.4439814814814815 0.052083333333333336 0.1824074074074074
2 0.784375 0.7842592592592592 0.06770833333333333 0.21481481481481482
0 0.5747395833333333 0.38425925925925924 0.08177083333333333 0.19444444444444445
0 0.5815104166666667 0.4791666666666667 0.1515625 0.10833333333333334
0 0.43984375 0.5689814814814815 0.043229166666666666 0.06944444444444445
0 0.43411458333333336 0.6601851851851852 0.11510416666666666 0.20555555555555555
1 0.26536458333333335 0.8564814814814815 0.043229166666666666 0.22037037037037038
1 0.32421875 0.07731481481481481 0.058854166666666666 0.1527777777777778
1 0.13072916666666667 0.3199074074074074 0.04375 0.25277777777777777
0 0.26614583333333336 0.13240740740740742 0.11875 0.12777777777777777
0 0.16848958333333333 0.2449074074074074 0.06927083333333334 0.18055555555555555
0 0.2872395833333333 0.24074074074074073 0.0703125 0.2518518518518518
0 0.22005208333333334 0.287962962962963 0.05260416666666667 0.1685185185185185
0 0.23567708333333334 0.35833333333333334 0.1546875 0.10185185185185185
0 0.19921875 0.7949074074074074 0.058854166666666666 0.13240740740740742
2 0.12890625 0.7916666666666666 0.08489583333333334 0.17777777777777778
