0 0.33203125 0.09259259259259259 0.05677083333333333 0.1962962962962963
2 0.38046875 -0.1037037037037037 0.09427083333333333 0.1259259259259259
0 0.4203125 0.05324074074074074 0.05625 0.21574074074074073
0 0.465625 -0.01574074074074074 0.13229166666666667 0.08888888888888889
0 0.46796875 0.09074074074074075 0.10260416666666666 0.09259259259259259
2 0.659375 -0.004629629629629629 0.12083333333333333 0.12037037037037036
0 0.434375 0.3680555555555556 0.109375 0.14537037037037037
0 0.48776041666666664 0.3560185185185185 0.0609375 0.26944444444444443
0 0.53828125 0.6078703703703704 0.0390625 0.07685185185185185
0 0.5895833333333333 0.6180555555555556 0.115625 0.20462962962962963
1 0.7 0.9180555555555555 0.12395833333333334 0.07685185185185185
1 0.26171875 0.8134259259259259 0.0859375 0.10462962962962963
1 0.39817708333333335 1.1574074074074074 0.1421875 0.07777777777777778
0 0.29244791666666664 0.9166666666666666 0.07239583333333334 0.2111111111111111
0 0.35598958333333336 1.0902777777777777 0.1015625 0.12314814814814815
0 0.3536458333333333 0.8791666666666667 0.14166666666666666 0.125
0 0.3802083333333333 0.9986111111111111 0.09479166666666666 0.09351851851851851
0 0.4197916666666667 0.9708333333333333 0.057291666666666664 0.275
0 0.6653645833333334 1.035648148148148 0.07447916666666667 0.10462962962962963
2 0.6635416666666667 1.160648148148148 0.1 0.15092592592592594
