0 0.6674479166666667 0.9083333333333333 0.05677083333333333 0.1962962962962963
2 0.6190104166666667 1.1046296296296296 0.09427083333333333 0.1259259259259259
0 0.5791666666666667 0.9476851851851852 0.05625 0.21574074074074073
0 0.5338541666666666 1.0166666666666666 0.13229166666666667 0.08888888888888889
0 0.5315104166666667 0.9101851851851852 0.10260416666666666 0.09259259259259259
2 0.34010416666666665 1.0055555555555555 0.12083333333333333 0.12037037037037036
0 0.5651041666666666 0.6328703703703704 0.109375 0.14537037037037037
0 0.51171875 0.6449074074074074 0.0609375 0.26944444444444443
0 0.46119791666666665 0.39305555555555555 0.0390625 0.07685185185185185
0 0.40989583333333335 0.38287037037037036 0.115625 0.20462962962962963
1 0.2994791666666667 0.0824074074074074 0.12395833333333334 0.07777777777777778
1 0.7377604166666667 0.1875 0.0859375 0.10462962962962963
1 0.6013020833333333 -0.15648148148148147 0.1421875 0.07777777777777778
0 0.7067708333333333 0.08425925925925926 0.071875 0.2111111111111111
0 0.6434895833333333 -0.08935185185185185 0.1015625 0.12314814814814815
0 0.6458333333333334 0.12175925925925926 0.14166666666666666 0.125
0 0.6192708333333333 0.0023148148148148147 0.09479166666666666 0.09351851851851851
0 0.5796875 0.03009259259259259 0.057291666666666664 0.275
0 0.3341145833333333 -0.034722222222222224 0.07447916666666667 0.10462962962962963
2 0.3359375 -0.1597222222222222 0.1 0.15092592592592594
