0 0.2708333333333333 0.7986111111111112 0.11041666666666666 0.10092592592592593
2 0.16041666666666668 0.7125 0.07083333333333333 0.1675925925925926
0 0.24869791666666666 0.6416666666666667 0.12135416666666667 0.1
0 0.20989583333333334 0.5611111111111111 0.05 0.2351851851851852
0 0.26979166666666665 0.5569444444444445 0.052083333333333336 0.1824074074074074
2 0.21614583333333334 0.21666666666666667 0.06770833333333333 0.21481481481481482
0 0.42578125 0.6166666666666667 0.08177083333333333 0.19444444444444445
0 0.41901041666666666 0.5217592592592593 0.1515625 0.10833333333333334
0 0.5606770833333333 0.43194444444444446 0.043229166666666666 0.06944444444444445
0 0.56640625 0.34074074074074073 0.11510416666666666 0.20555555555555555
1 0.73515625 0.14444444444444443 0.043229166666666666 0.22037037037037038
1 0.6763020833333333 0.9236111111111112 0.058854166666666666 0.1527777777777778
1 0.8697916666666666 0.6810185185185185 0.04375 0.25277777777777777
0 0.734375 0.8685185185185185 0.11875 0.12777777777777777
0 0.83203125 0.7560185185185185 0.06927083333333334 0.18055555555555555
0 0.71328125 0.7601851851851852 0.0703125 0.2518518518518518
0 0.78046875 0.7129629629629629 0.05260416666666667 0.1685185185185185
0 0.76484375 0.6425925925925926 0.1546875 0.10185185185185185
0 0.8013020833333333 0.20601851851851852 0.058854166666666666 0.13240740740740742
2 0.8716145833333333 0.20925925925925926 0.08489583333333334 0.17777777777777778
