0 0.35052083333333334 0.08611111111111111 0.053125 0.18518518518518517
2 0.39921875 -0.10648148148148148 0.08385416666666666 0.10740740740740741
2 0.6596354166666667 -0.010185185185185186 0.1171875 0.10925925925925926
0 0.47578125 -0.023148148148148147 0.12239583333333333 0.08888888888888889
1 0.4328125 0.04537037037037037 0.04479166666666667 0.2037037037037037
0 0.48020833333333335 0.08009259259259259 0.09479166666666666 0.08055555555555556
1 0.44947916666666665 0.33611111111111114 0.096875 0.13703703703703704
0 0.5 0.3300925925925926 0.052083333333333336 0.24351851851851852
1 0.5223958333333333 0.5606481481481481 0.096875 0.058333333333333334
0 0.596875 0.5657407407407408 0.10833333333333334 0.18333333333333332
0 0.6231770833333333 0.6356481481481482 0.030729166666666665 0.041666666666666664
1 0.646875 0.7643518518518518 0.026041666666666668 0.11018518518518519
1 0.7192708333333333 0.8870370370370371 0.05 0.10185185185185185
0 0.6609375 1.0671296296296295 0.10208333333333333 0.12129629629629629
1 0.3140625 0.725 0.11145833333333334 0.05740740740740741
1 0.32057291666666665 0.8657407407407407 0.0734375 0.16666666666666666
1 0.3809895833333333 1.0324074074074074 0.09322916666666667 0.13703703703703704
1 0.47265625 1.1060185185185185 0.09635416666666667 0.15833333333333333
0 0.3770833333333333 0.8236111111111111 0.13020833333333334 0.09907407407407408
0 0.4393229166666667 0.9018518518518519 0.059895833333333336 0.24444444444444444
0 0.40078125 0.9300925925925926 0.09114583333333333 0.07685185185185185
