0 0.6489583333333333 0.9148148148148149 0.053125 0.18518518518518517
2 0.6002604166666666 1.1074074074074074 0.08385416666666666 0.10740740740740741
2 0.33984375 1.011111111111111 0.1171875 0.10925925925925926
0 0.5236979166666667 1.0240740740740741 0.12239583333333333 0.08888888888888889
1 0.5666666666666667 0.9555555555555556 0.04479166666666667 0.2037037037037037
0 0.5192708333333333 0.9208333333333333 0.09479166666666666 0.08055555555555556
1 0.55 0.6648148148148149 0.096875 0.13703703703703704
0 0.49947916666666664 0.6708333333333333 0.052083333333333336 0.24351851851851852
1 0.47708333333333336 0.44027777777777777 0.096875 0.058333333333333334
0 0.40260416666666665 0.4351851851851852 0.10833333333333334 0.18333333333333332
0 0.3763020833333333 0.36527777777777776 0.030729166666666665 0.041666666666666664
1 0.35260416666666666 0.23657407407407408 0.026041666666666668 0.11018518518518519
1 0.28020833333333334 0.11342592592592593 0.05 0.10277777777777777
0 0.3385416666666667 -0.06620370370370371 0.10208333333333333 0.12129629629629629
1 0.6854166666666667 0.2759259259259259 0.11145833333333334 0.05740740740740741
1 0.67890625 0.13518518518518519 0.0734375 0.16666666666666666
1 0.6184895833333334 -0.03148148148148148 0.09322916666666667 0.13703703703703704
1 0.5268229166666667 -0.1050925925925926 0.09635416666666667 0.15833333333333333
0 0.6223958333333334 0.17731481481481481 0.13020833333333334 0.09907407407407408
0 0.56015625 0.09907407407407408 0.059895833333333336 0.24444444444444444
0 0.5986979166666667 0.07083333333333333 0.09114583333333333 0.07685185185185185
