0 0.2671875 0.2351851851851852 0.10416666666666667 0.09444444444444444
2 0.15885416666666666 0.32175925925925924 0.06041666666666667 0.14907407407407408
2 0.21302083333333333 0.7847222222222222 0.06145833333333333 0.20833333333333334
0 0.20572916666666666 0.45787037037037037 0.05 0.2175925925925926
1 0.24427083333333333 0.3814814814814815 0.11458333333333333 0.07962962962962963
0 0.2638020833333333 0.46574074074074073 0.0453125 0.1685185185185185
1 0.4078125 0.4111111111111111 0.07708333333333334 0.17222222222222222
0 0.4044270833333333 0.5009259259259259 0.13697916666666668 0.09259259259259259
1 0.5341145833333333 0.5407407407407407 0.0328125 0.17222222222222222
0 0.5369791666666667 0.6731481481481482 0.103125 0.1925925925925926
0 0.5763020833333333 0.7199074074074074 0.0234375 0.05462962962962963
1 0.6486979166666667 0.7620370370370371 0.06197916666666667 0.046296296296296294
1 0.7177083333333333 0.8907407407407407 0.057291666666666664 0.08888888888888889
0 0.8190104166666666 0.7870370370370371 0.06822916666666666 0.1814814814814815
1 0.6265625 0.17037037037037037 0.03229166666666667 0.19814814814814816
1 0.7057291666666666 0.18194444444444444 0.09375 0.13055555555555556
1 0.7994791666666666 0.28935185185185186 0.07708333333333334 0.16574074074074074
1 0.8408854166666667 0.45231481481481484 0.0890625 0.1712962962962963
0 0.68203125 0.2824074074074074 0.05572916666666667 0.23148148148148148
0 0.7260416666666667 0.39305555555555555 0.1375 0.10648148148148148
0 0.7419270833333333 0.324537037037037 0.043229166666666666 0.16203703703703703
