0 0.35052083333333334 0.9148148148148149 0.053125 0.18518518518518517
2 0.39921875 1.1074074074074074 0.08385416666666666 0.10740740740740741
2 0.6596354166666667 1.011111111111111 0.1171875 0.10925925925925926
0 0.47578125 1.0240740740740741 0.12239583333333333 0.08888888888888889
1 0.4328125 0.9555555555555556 0.04479166666666667 0.2037037037037037
0 0.48020833333333335 0.9208333333333333 0.09479166666666666 0.08055555555555556
1 0.44947916666666665 0.6648148148148149 0.096875 0.13703703703703704
0 0.5 0.6708333333333333 0.052083333333333336 0.24351851851851852
1 0.5223958333333333 0.44027777777777777 0.096875 0.058333333333333334
0 0.596875 0.4351851851851852 0.10833333333333334 0.18333333333333332
0 0.6231770833333333 0.36527777777777776 0.030729166666666665 0.041666666666666664
1 0.646875 0.23657407407407408 0.026041666666666668 0.11018518518518519
1 0.7192708333333333 0.11388888888888889 0.05 0.10185185185185185
0 0.6609375 -0.06620370370370371 0.10208333333333333 0.12129629629629629
1 0.3140625 0.2759259259259259 0.11145833333333334 0.05740740740740741
1 0.32057291666666665 0.13518518518518519 0.0734375 0.16666666666666666
1 0.3809895833333333 -0.03148148148148148 0.09322916666666667 0.13703703703703704
1 0.47265625 -0.1050925925925926 0.09635416666666667 0.15833333333333333
0 0.3770833333333333 0.17731481481481481 0.13020833333333334 0.09907407407407408
0 0.4393229166666667 0.09907407407407408 0.059895833333333336 0.24444444444444444
0 0.40078125 0.07083333333333333 0.09114583333333333 0.07685185185185185
