0 0.6611979166666667 0.9111111111111111 0.05677083333333333 0.2
2 0.6127604166666667 1.1087962962962963 0.09322916666666667 0.10833333333333334
0 0.5747395833333333 0.9481481481481482 0.05364583333333333 0.2111111111111111
0 0.528125 1.0185185185185186 0.13229166666666667 0.08333333333333333
0 0.5247395833333334 0.9101851851851852 0.10260416666666666 0.08888888888888889
2 0.3338541666666667 1.0060185185185184 0.121875 0.12314814814814815
0 0.5591145833333333 0.6365740740740741 0.1078125 0.14537037037037037
0 0.5049479166666667 0.6523148148148148 0.058854166666666666 0.2675925925925926
0 0.4549479166666667 0.39814814814814814 0.03697916666666667 0.07962962962962963
0 0.40520833333333334 0.38796296296296295 0.11979166666666667 0.20185185185185187
1 0.30546875 0.10231481481481482 0.10364583333333334 0.10462962962962963
0 0.3380208333333333 -0.034722222222222224 0.090625 0.11944444444444445
2 0.3307291666666667 -0.1574074074074074 0.09791666666666667 0.14444444444444443
1 0.7354166666666667 0.2037037037037037 0.08958333333333333 0.09074074074074075
0 0.7013020833333333 0.08564814814814815 0.07239583333333334 0.20833333333333334
0 0.6411458333333333 0.12638888888888888 0.1375 0.1287037037037037
0 0.6130208333333333 0.006944444444444444 0.1 0.08981481481481482
0 0.6395833333333333 -0.08888888888888889 0.09895833333333333 0.11666666666666667
1 0.6015625 -0.14444444444444443 0.1375 0.05925925925925926
0 0.5736979166666667 0.03333333333333333 0.058854166666666666 0.2759259259259259
