0 0.73125 0.21342592592592594 0.1125 0.10092592592592593
2 0.8424479166666666 0.29953703703703705 0.0609375 0.16574074074074074
0 0.7520833333333333 0.36712962962962964 0.11875 0.09537037037037037
0 0.7916666666666666 0.45 0.046875 0.2351851851851852
0 0.7307291666666667 0.45601851851851855 0.05 0.1824074074074074
2 0.7846354166666667 0.7953703703703704 0.06927083333333334 0.21666666666666667
0 0.5768229166666666 0.39490740740740743 0.08177083333333333 0.19166666666666668
0 0.5856770833333333 0.4912037037037037 0.15052083333333333 0.10462962962962963
0 0.4427083333333333 0.5800925925925926 0.04479166666666667 0.06574074074074074
0 0.43697916666666664 0.6685185185185185 0.11354166666666667 0.21296296296296297
1 0.2765625 0.8458333333333333 0.058333333333333334 0.18425925925925926
0 0.19921875 0.787962962962963 0.0671875 0.16111111111111112
2 0.13020833333333334 0.8009259259259259 0.08125 0.17407407407407408
1 0.3333333333333333 0.08148148148148149 0.051041666666666666 0.15925925925925927
0 0.2669270833333333 0.14212962962962963 0.1171875 0.1287037037037037
0 0.28984375 0.2490740740740741 0.07239583333333334 0.24444444444444444
0 0.22265625 0.29907407407407405 0.050520833333333334 0.17777777777777778
0 0.16875 0.2518518518518518 0.065625 0.17592592592592593
1 0.1375 0.3194444444444444 0.03333333333333333 0.24444444444444444
0 0.2375 0.36898148148148147 0.15520833333333334 0.10462962962962963
