0 0.26927083333333335 0.7875 0.1125 0.10092592592592593
2 0.15807291666666667 0.7013888888888888 0.0609375 0.16574074074074074
0 0.2484375 0.6337962962962963 0.11875 0.09537037037037037
0 0.20885416666666667 0.5509259259259259 0.046875 0.2351851851851852
0 0.26979166666666665 0.5449074074074074 0.05 0.1824074074074074
2 0.21588541666666666 0.20555555555555555 0.06927083333333334 0.21666666666666667
0 0.4236979166666667 0.6060185185185185 0.08177083333333333 0.19166666666666668
0 0.41484375 0.5097222222222222 0.15052083333333333 0.10462962962962963
0 0.5578125 0.42083333333333334 0.04479166666666667 0.06574074074074074
0 0.5635416666666667 0.33240740740740743 0.11354166666666667 0.21296296296296297
1 0.7239583333333334 0.1550925925925926 0.058333333333333334 0.18425925925925926
0 0.8013020833333333 0.21296296296296297 0.0671875 0.16111111111111112
2 0.8703125 0.2 0.08125 0.17407407407407408
1 0.6671875 0.9194444444444444 0.051041666666666666 0.15925925925925927
0 0.73359375 0.8587962962962963 0.1171875 0.1287037037037037
0 0.7106770833333333 0.7518518518518519 0.07239583333333334 0.24444444444444444
0 0.7778645833333333 0.7018518518518518 0.050520833333333334 0.17777777777777778
0 0.8317708333333333 0.7490740740740741 0.065625 0.17592592592592593
1 0.8630208333333333 0.6814814814814815 0.03333333333333333 0.24444444444444444
0 0.7630208333333334 0.6319444444444444 0.15520833333333334 0.10462962962962963
