0 0.33828125 0.08981481481481482 0.05677083333333333 0.2
2 0.38671875 -0.10787037037037037 0.09322916666666667 0.10833333333333334
0 0.42473958333333334 0.05277777777777778 0.05364583333333333 0.2111111111111111
0 0.4713541666666667 -0.017592592592592594 0.13229166666666667 0.08333333333333333
0 0.4747395833333333 0.09074074074074075 0.10260416666666666 0.08888888888888889
2 0.665625 -0.005092592592592593 0.121875 0.12314814814814815
0 0.44036458333333334 0.36435185185185187 0.1078125 0.14537037037037037
0 0.49453125 0.3486111111111111 0.058854166666666666 0.2675925925925926
0 0.54453125 0.6027777777777777 0.03697916666666667 0.07962962962962963
0 0.5942708333333333 0.6129629629629629 0.11979166666666667 0.20185185185185187
1 0.6940104166666666 0.8981481481481481 0.10364583333333334 0.1037037037037037
0 0.6614583333333334 1.035648148148148 0.090625 0.11944444444444445
2 0.66875 1.1583333333333334 0.09791666666666667 0.14444444444444443
1 0.2640625 0.7972222222222223 0.08958333333333333 0.09074074074074075
0 0.29791666666666666 0.9152777777777777 0.07291666666666667 0.20833333333333334
0 0.35833333333333334 0.874537037037037 0.1375 0.1287037037037037
0 0.38645833333333335 0.9939814814814815 0.1 0.08981481481481482
0 0.35989583333333336 1.0898148148148148 0.09895833333333333 0.11666666666666667
1 0.39791666666666664 1.1453703703703704 0.1375 0.05925925925925926
0 0.42578125 0.9675925925925926 0.058854166666666666 0.2759259259259259
