0 0.7307291666666667 0.2175925925925926 0.109375 0.1
2 0.8411458333333334 0.3037037037037037 0.0625 0.15925925925925927
2 0.7856770833333333 0.8004629629629629 0.0671875 0.20833333333333334
0 0.7518229166666667 0.37175925925925923 0.1203125 0.09351851851851851
0 0.7927083333333333 0.4537037037037037 0.04583333333333333 0.23333333333333334
0 0.7315104166666667 0.4625 0.0515625 0.1787037037037037
0 0.5768229166666666 0.399537037037037 0.08177083333333333 0.19166666666666668
0 0.5825520833333333 0.4981481481481482 0.15260416666666668 0.09444444444444444
1 0.33489583333333334 0.08703703703703704 0.04895833333333333 0.17222222222222222
1 0.28880208333333335 0.8569444444444444 0.0703125 0.20833333333333334
1 0.134375 0.32592592592592595 0.04479166666666667 0.2351851851851852
0 0.26901041666666664 0.14814814814814814 0.1171875 0.12222222222222222
0 0.29010416666666666 0.25416666666666665 0.07395833333333333 0.25092592592592594
0 0.44114583333333335 0.5819444444444445 0.040625 0.06944444444444445
0 0.43645833333333334 0.675 0.11770833333333333 0.20925925925925926
0 0.19947916666666668 0.7967592592592593 0.06041666666666667 0.14907407407407408
2 0.13072916666666667 0.8013888888888889 0.08541666666666667 0.16944444444444445
0 0.16875 0.2550925925925926 0.071875 0.17685185185185184
0 0.2234375 0.29814814814814816 0.052083333333333336 0.16666666666666666
0 0.2375 0.37592592592592594 0.15416666666666667 0.1111111111111111
