0 0.340625 0.9101851851851852 0.05625 0.19444444444444445
2 0.3890625 1.1064814814814814 0.08958333333333333 0.1111111111111111
2 0.6684895833333333 1.0078703703703704 0.1171875 0.11944444444444445
0 0.42734375 0.9476851851851852 0.05260416666666667 0.21388888888888888
0 0.4734375 1.0203703703703704 0.13125 0.08148148148148149
0 0.4783854166666667 0.9115740740740741 0.10052083333333334 0.09166666666666666
0 0.44296875 0.6365740740740741 0.1078125 0.14537037037037037
0 0.4984375 0.6467592592592593 0.053125 0.2712962962962963
1 0.2671875 0.20601851851851852 0.096875 0.08796296296296297
1 0.7002604166666667 0.12453703703703704 0.1171875 0.125
1 0.4015625 -0.15 0.13229166666666667 0.07962962962962963
0 0.3015625 0.08935185185185185 0.06875 0.20833333333333334
0 0.3611979166666667 0.12685185185185185 0.14114583333333333 0.13148148148148148
0 0.5455729166666666 0.39537037037037037 0.0390625 0.07222222222222222
0 0.5979166666666667 0.387037037037037 0.11770833333333333 0.20925925925925926
0 0.66640625 -0.03425925925925926 0.08385416666666666 0.10740740740740741
2 0.6690104166666667 -0.15648148148148147 0.0953125 0.15185185185185185
0 0.36171875 -0.08888888888888889 0.09947916666666666 0.12777777777777777
0 0.3859375 0.008333333333333333 0.09375 0.09259259259259259
0 0.4296875 0.03333333333333333 0.0625 0.2740740740740741
