0 0.26901041666666664 0.21898148148148147 0.10885416666666667 0.10277777777777777
2 0.15546875 0.3087962962962963 0.0671875 0.16574074074074074
0 0.246875 0.37407407407407406 0.11875 0.10185185185185185
0 0.20807291666666666 0.4550925925925926 0.05260416666666667 0.23055555555555557
0 0.26796875 0.46111111111111114 0.050520833333333334 0.17222222222222222
2 0.21354166666666666 0.8 0.06979166666666667 0.21851851851851853
0 0.42083333333333334 0.40046296296296297 0.07916666666666666 0.20092592592592592
0 0.4161458333333333 0.4962962962962963 0.15 0.09444444444444444
0 0.5580729166666667 0.5824074074074074 0.0390625 0.06111111111111111
0 0.5640625 0.674074074074074 0.11666666666666667 0.20555555555555555
1 0.7013020833333333 0.8694444444444445 0.07447916666666667 0.2222222222222222
0 0.7994791666666666 0.7986111111111112 0.06041666666666667 0.15092592592592594
2 0.8666666666666667 0.8087962962962963 0.08541666666666667 0.18425925925925926
1 0.6596354166666667 0.08518518518518518 0.04010416666666667 0.16666666666666666
1 0.8674479166666667 0.32222222222222224 0.050520833333333334 0.24444444444444444
0 0.7325520833333333 0.1476851851851852 0.11614583333333334 0.12685185185185185
0 0.7145833333333333 0.2564814814814815 0.06458333333333334 0.25
0 0.7755208333333333 0.2986111111111111 0.04375 0.1675925925925926
0 0.8315104166666667 0.2564814814814815 0.06927083333333334 0.17962962962962964
0 0.76328125 0.3773148148148148 0.1578125 0.10833333333333334
