0 0.26901041666666664 0.7819444444444444 0.10885416666666667 0.10277777777777777
2 0.15546875 0.6921296296296297 0.0671875 0.16574074074074074
0 0.246875 0.6268518518518519 0.11875 0.10185185185185185
0 0.20807291666666666 0.5458333333333333 0.05260416666666667 0.23055555555555557
0 0.26796875 0.5398148148148149 0.050520833333333334 0.17222222222222222
2 0.21354166666666666 0.20092592592592592 0.06979166666666667 0.21851851851851853
0 0.42083333333333334 0.600462962962963 0.07916666666666666 0.20092592592592592
0 0.4161458333333333 0.5046296296296297 0.15 0.09444444444444444
0 0.5580729166666667 0.4185185185185185 0.0390625 0.06111111111111111
0 0.5640625 0.32685185185185184 0.11666666666666667 0.20555555555555555
1 0.7013020833333333 0.13148148148148148 0.07447916666666667 0.2222222222222222
0 0.7994791666666666 0.2023148148148148 0.06041666666666667 0.15092592592592594
2 0.8666666666666667 0.19212962962962962 0.08541666666666667 0.18425925925925926
1 0.6596354166666667 0.9157407407407407 0.04010416666666667 0.16666666666666666
1 0.8674479166666667 0.6787037037037037 0.050520833333333334 0.24444444444444444
0 0.7325520833333333 0.8532407407407407 0.11614583333333334 0.12685185185185185
0 0.7145833333333333 0.7444444444444445 0.06458333333333334 0.25
0 0.7755208333333333 0.7023148148148148 0.04375 0.1675925925925926
0 0.8315104166666667 0.7444444444444445 0.06927083333333334 0.17962962962962964
0 0.76328125 0.6236111111111111 0.1578125 0.10833333333333334
