0 0.34140625 0.08935185185185185 0.0578125 0.1935185185185185
2 0.3919270833333333 -0.1125 0.09322916666666667 0.11944444444444445
0 0.42864583333333334 0.05 0.057291666666666664 0.2111111111111111
0 0.47421875 -0.01898148148148148 0.1296875 0.09351851851851851
0 0.47760416666666666 0.0875 0.096875 0.08981481481481482
2 0.6682291666666667 -0.009259259259259259 0.12291666666666666 0.12407407407407407
0 0.4434895833333333 0.3592592592592593 0.11302083333333333 0.14074074074074075
0 0.4973958333333333 0.3509259259259259 0.053125 0.26666666666666666
0 0.5458333333333333 0.6032407407407407 0.034375 0.06944444444444445
0 0.5973958333333333 0.6138888888888889 0.115625 0.2074074074074074
1 0.7072916666666667 0.8578703703703704 0.125 0.13240740740740742
0 0.6674479166666667 1.0324074074074074 0.08489583333333334 0.10740740740740741
2 0.6731770833333334 1.151851851851852 0.10364583333333334 0.15185185185185185
1 0.26614583333333336 0.7837962962962963 0.09375 0.0712962962962963
1 0.39947916666666666 1.1532407407407408 0.1375 0.08981481481481482
0 0.30104166666666665 0.913425925925926 0.071875 0.2064814814814815
0 0.3625 0.8814814814814815 0.140625 0.11481481481481481
0 0.38619791666666664 0.9898148148148148 0.09427083333333333 0.07777777777777778
0 0.3625 1.089351851851852 0.10104166666666667 0.12314814814814815
0 0.43046875 0.9680555555555556 0.0609375 0.28055555555555556
