0 0.34140625 0.9115740740740741 0.0578125 0.1935185185185185
2 0.3919270833333333 1.1134259259259258 0.09322916666666667 0.11944444444444445
0 0.42864583333333334 0.950925925925926 0.057291666666666664 0.2111111111111111
0 0.47421875 1.0199074074074075 0.1296875 0.09351851851851851
0 0.47760416666666666 0.913425925925926 0.096875 0.08981481481481482
2 0.6682291666666667 1.010185185185185 0.12291666666666666 0.12407407407407407
0 0.4434895833333333 0.6416666666666667 0.11302083333333333 0.14074074074074075
0 0.4973958333333333 0.65 0.053125 0.26666666666666666
0 0.5458333333333333 0.3976851851851852 0.034375 0.06944444444444445
0 0.5973958333333333 0.387037037037037 0.115625 0.2074074074074074
1 0.7072916666666667 0.14305555555555555 0.125 0.13240740740740742
0 0.6674479166666667 -0.03148148148148148 0.08489583333333334 0.10740740740740741
2 0.6731770833333334 -0.15092592592592594 0.10364583333333334 0.15185185185185185
1 0.26614583333333336 0.21666666666666667 0.09375 0.07222222222222222
1 0.39947916666666666 -0.15231481481481482 0.1375 0.08981481481481482
0 0.30130208333333336 0.0875 0.07135416666666666 0.2064814814814815
0 0.3625 0.11944444444444445 0.140625 0.11481481481481481
0 0.38619791666666664 0.011111111111111112 0.09427083333333333 0.07777777777777778
0 0.3625 -0.08842592592592592 0.10104166666666667 0.12314814814814815
0 0.43046875 0.03287037037037037 0.0609375 0.28055555555555556
