0 0.26901041666666664 0.7856481481481481 0.11197916666666667 0.10462962962962963
2 0.15807291666666667 0.6981481481481482 0.0671875 0.1648148148148148
0 0.24817708333333333 0.6310185185185185 0.1171875 0.09907407407407408
0 0.2078125 0.5476851851851852 0.04791666666666667 0.23981481481481481
0 0.26848958333333334 0.5425925925925926 0.050520833333333334 0.17777777777777778
2 0.21432291666666667 0.20324074074074075 0.06927083333333334 0.21388888888888888
0 0.4234375 0.6027777777777777 0.08125 0.1925925925925926
0 0.4171875 0.5078703703703704 0.15 0.10462962962962963
0 0.56015625 0.42083333333333334 0.03802083333333333 0.06018518518518518
0 0.56328125 0.325 0.1109375 0.20555555555555555
1 0.6651041666666667 0.9171296296296296 0.041666666666666664 0.16203703703703703
0 0.73203125 0.8550925925925926 0.11510416666666666 0.12685185185185185
0 0.71328125 0.7481481481481481 0.0671875 0.24814814814814815
0 0.7768229166666667 0.7027777777777777 0.04739583333333333 0.16296296296296298
0 0.7627604166666667 0.6273148148148148 0.15364583333333334 0.09722222222222222
0 0.8294270833333334 0.7453703703703703 0.0703125 0.17592592592592593
1 0.8674479166666667 0.7018518518518518 0.04739583333333333 0.23148148148148148
1 0.70078125 0.13472222222222222 0.08072916666666667 0.20833333333333334
0 0.8028645833333333 0.19398148148148148 0.058854166666666666 0.13055555555555556
2 0.8690104166666667 0.19398148148148148 0.08697916666666666 0.1824074074074074
