0 0.33932291666666664 0.08935185185185185 0.058854166666666666 0.19907407407407407
2 0.3885416666666667 -0.10787037037037037 0.09270833333333334 0.11944444444444445
0 0.42630208333333336 0.052314814814814814 0.05572916666666667 0.20833333333333334
0 0.47317708333333336 -0.019444444444444445 0.13489583333333333 0.08518518518518518
0 0.47604166666666664 0.08842592592592592 0.1 0.08981481481481482
2 0.6669270833333333 -0.00787037037037037 0.1203125 0.12314814814814815
0 0.4421875 0.3638888888888889 0.10833333333333334 0.14444444444444443
0 0.49557291666666664 0.3527777777777778 0.058854166666666666 0.26666666666666666
0 0.54453125 0.6069444444444444 0.033854166666666664 0.06759259259259259
0 0.5984375 0.6125 0.115625 0.19722222222222222
1 0.26536458333333335 0.7935185185185185 0.09114583333333333 0.07407407407407407
0 0.3 0.9125 0.071875 0.20462962962962963
0 0.36041666666666666 0.8791666666666667 0.13958333333333334 0.11944444444444445
0 0.3859375 0.9921296296296296 0.09166666666666666 0.08425925925925926
0 0.4283854166666667 0.9671296296296297 0.0546875 0.27314814814814814
0 0.3619791666666667 1.0856481481481481 0.09895833333333333 0.125
1 0.38645833333333335 1.1532407407407408 0.13020833333333334 0.08425925925925926
1 0.70546875 0.8569444444444444 0.1171875 0.14351851851851852
0 0.6721354166666667 1.0384259259259259 0.0734375 0.10462962962962963
2 0.6721354166666667 1.1560185185185186 0.10260416666666666 0.15462962962962962
