0 0.7315104166666667 0.2152777777777778 0.11197916666666667 0.10462962962962963
2 0.8424479166666666 0.30277777777777776 0.0671875 0.1648148148148148
0 0.75234375 0.3699074074074074 0.1171875 0.09907407407407408
0 0.7927083333333333 0.4532407407407407 0.04791666666666667 0.23981481481481481
0 0.73203125 0.4583333333333333 0.050520833333333334 0.17777777777777778
2 0.7861979166666667 0.7976851851851852 0.06927083333333334 0.21388888888888888
0 0.5770833333333333 0.39814814814814814 0.08125 0.1925925925925926
0 0.5833333333333334 0.4930555555555556 0.15 0.10462962962962963
0 0.44036458333333334 0.5800925925925926 0.03802083333333333 0.06018518518518518
0 0.43723958333333335 0.6759259259259259 0.1109375 0.20555555555555555
1 0.33541666666666664 0.0837962962962963 0.041666666666666664 0.16203703703703703
0 0.26848958333333334 0.14583333333333334 0.11510416666666666 0.12685185185185185
0 0.2872395833333333 0.25277777777777777 0.0671875 0.24814814814814815
0 0.22369791666666666 0.29814814814814816 0.04739583333333333 0.16296296296296298
0 0.23776041666666667 0.3736111111111111 0.15364583333333334 0.09722222222222222
0 0.17109375 0.25555555555555554 0.0703125 0.17592592592592593
1 0.13307291666666668 0.29907407407407405 0.04739583333333333 0.23148148148148148
1 0.29973958333333334 0.8662037037037037 0.08072916666666667 0.20833333333333334
0 0.19765625 0.8069444444444445 0.058854166666666666 0.13055555555555556
2 0.13151041666666666 0.8069444444444445 0.08697916666666666 0.1824074074074074
