0 0.66015625 0.9115740740740741 0.058854166666666666 0.19907407407407407
2 0.6109375 1.1087962962962963 0.09270833333333334 0.11944444444444445
0 0.5731770833333333 0.9486111111111111 0.05572916666666667 0.20833333333333334
0 0.5263020833333333 1.0203703703703704 0.13489583333333333 0.08518518518518518
0 0.5234375 0.9125 0.1 0.08981481481481482
2 0.33255208333333336 1.0087962962962962 0.1203125 0.12314814814814815
0 0.5572916666666666 0.6370370370370371 0.10833333333333334 0.14444444444444443
0 0.50390625 0.6481481481481481 0.058854166666666666 0.26666666666666666
0 0.4549479166666667 0.3939814814814815 0.033854166666666664 0.06759259259259259
0 0.4010416666666667 0.38842592592592595 0.115625 0.19722222222222222
1 0.7341145833333333 0.2074074074074074 0.09114583333333333 0.07407407407407407
0 0.69921875 0.08842592592592592 0.07135416666666666 0.20462962962962963
0 0.6390625 0.12175925925925926 0.13958333333333334 0.11944444444444445
0 0.6135416666666667 0.008796296296296297 0.09166666666666666 0.08425925925925926
0 0.57109375 0.033796296296296297 0.0546875 0.27314814814814814
0 0.6375 -0.08472222222222223 0.09895833333333333 0.125
1 0.6130208333333333 -0.15231481481481482 0.13020833333333334 0.08425925925925926
1 0.29401041666666666 0.14351851851851852 0.1171875 0.14444444444444443
0 0.32734375 -0.0375 0.0734375 0.10462962962962963
2 0.32734375 -0.1550925925925926 0.10260416666666666 0.15462962962962962
