0 0.3380208333333333 0.09351851851851851 0.059375 0.19814814814814816
2 0.384375 -0.10138888888888889 0.090625 0.11203703703703703
0 0.42421875 0.05462962962962963 0.0515625 0.2074074074074074
0 0.4713541666666667 -0.016203703703703703 0.13125 0.0787037037037037
0 0.47421875 0.08981481481481482 0.09947916666666666 0.08703703703703704
2 0.6638020833333333 -0.004629629629629629 0.11927083333333334 0.12407407407407407
0 0.440625 0.36435185185185187 0.10729166666666666 0.15092592592592594
0 0.4934895833333333 0.3541666666666667 0.0578125 0.2657407407407407
0 0.54296875 0.6041666666666666 0.0328125 0.07685185185185185
0 0.5955729166666667 0.6171296296296296 0.11197916666666667 0.2064814814814815
1 0.26484375 0.7967592592592593 0.09010416666666667 0.07314814814814814
1 0.3807291666666667 1.1569444444444446 0.125 0.09537037037037037
1 0.6658854166666667 1.0421296296296296 0.07760416666666667 0.11203703703703703
1 0.7052083333333333 0.8574074074074074 0.11875 0.15925925925925927
2 0.6684895833333333 1.1597222222222223 0.09947916666666666 0.14907407407407408
0 0.29661458333333335 0.9143518518518519 0.07239583333333334 0.20833333333333334
0 0.3572916666666667 1.088425925925926 0.09375 0.13055555555555556
0 0.35911458333333335 0.8810185185185185 0.14114583333333333 0.11574074074074074
0 0.3815104166666667 0.9958333333333333 0.09635416666666667 0.09722222222222222
0 0.42604166666666665 0.9726851851851852 0.059375 0.27685185185185185
