0 0.6614583333333334 0.9074074074074074 0.059375 0.19814814814814816
2 0.6151041666666667 1.1023148148148147 0.090625 0.11203703703703703
0 0.5752604166666667 0.9462962962962963 0.0515625 0.2074074074074074
0 0.528125 1.0171296296296297 0.13125 0.0787037037037037
0 0.5252604166666667 0.9111111111111111 0.09947916666666666 0.08703703703703704
2 0.33567708333333335 1.0055555555555555 0.11927083333333334 0.12407407407407407
0 0.5588541666666667 0.6365740740740741 0.10729166666666666 0.15092592592592594
0 0.5059895833333333 0.6467592592592593 0.0578125 0.2657407407407407
0 0.45651041666666664 0.39675925925925926 0.0328125 0.07685185185185185
0 0.40390625 0.3837962962962963 0.11197916666666667 0.2064814814814815
1 0.7346354166666667 0.20416666666666666 0.09010416666666667 0.07314814814814814
1 0.61875 -0.15601851851851853 0.125 0.09537037037037037
1 0.33359375 -0.0412037037037037 0.07760416666666667 0.11203703703703703
1 0.2942708333333333 0.14305555555555555 0.11875 0.16018518518518518
2 0.33098958333333334 -0.1587962962962963 0.09947916666666666 0.14907407407407408
0 0.7026041666666667 0.08657407407407407 0.071875 0.20833333333333334
0 0.6421875 -0.0875 0.09375 0.13055555555555556
0 0.6403645833333333 0.11990740740740741 0.14114583333333333 0.11574074074074074
0 0.61796875 0.005092592592592593 0.09635416666666667 0.09722222222222222
0 0.5734375 0.02824074074074074 0.059375 0.27685185185185185
