0 0.3380208333333333 0.9074074074074074 0.059375 0.19814814814814816
2 0.384375 1.1023148148148147 0.090625 0.11203703703703703
0 0.42421875 0.9462962962962963 0.0515625 0.2074074074074074
0 0.4713541666666667 1.0171296296296297 0.13125 0.0787037037037037
0 0.47421875 0.9111111111111111 0.09947916666666666 0.08703703703703704
2 0.6638020833333333 1.0055555555555555 0.11927083333333334 0.12407407407407407
0 0.440625 0.6365740740740741 0.10729166666666666 0.15092592592592594
0 0.4934895833333333 0.6467592592592593 0.0578125 0.2657407407407407
0 0.54296875 0.39675925925925926 0.0328125 0.07685185185185185
0 0.5955729166666667 0.3837962962962963 0.11197916666666667 0.2064814814814815
1 0.26484375 0.2037037037037037 0.09010416666666667 0.07407407407407407
1 0.3807291666666667 -0.15601851851851853 0.125 0.09537037037037037
1 0.6658854166666667 -0.0412037037037037 0.07760416666666667 0.11203703703703703
1 0.7052083333333333 0.14351851851851852 0.11875 0.15925925925925927
2 0.6684895833333333 -0.1587962962962963 0.09947916666666666 0.14907407407407408
0 0.296875 0.08657407407407407 0.071875 0.20833333333333334
0 0.3572916666666667 -0.0875 0.09375 0.13055555555555556
0 0.35911458333333335 0.11990740740740741 0.14114583333333333 0.11574074074074074
0 0.3815104166666667 0.005092592592592593 0.09635416666666667 0.09722222222222222
0 0.42604166666666665 0.02824074074074074 0.059375 0.27685185185185185
