0 0.2713541666666667 0.787962962962963 0.11145833333333334 0.10555555555555556
2 0.16171875 0.7055555555555556 0.06302083333333333 0.16111111111111112
0 0.24947916666666667 0.6347222222222222 0.11666666666666667 0.09166666666666666
0 0.20963541666666666 0.5509259259259259 0.044270833333333336 0.23333333333333334
0 0.26927083333333335 0.5458333333333333 0.04895833333333333 0.17685185185185184
2 0.21614583333333334 0.20879629629629629 0.06979166666666667 0.21203703703703702
0 0.4236979166666667 0.6055555555555555 0.08489583333333334 0.19074074074074074
0 0.41796875 0.5115740740740741 0.14947916666666666 0.10277777777777777
0 0.55859375 0.4236111111111111 0.043229166666666666 0.058333333333333334
0 0.5658854166666667 0.3300925925925926 0.11614583333333334 0.19907407407407407
1 0.6669270833333333 0.9180555555555555 0.04114583333333333 0.16018518518518518
1 0.86953125 0.712037037037037 0.05364583333333333 0.2222222222222222
1 0.8049479166666667 0.2050925925925926 0.06302083333333333 0.13796296296296295
1 0.7010416666666667 0.13518518518518519 0.08958333333333333 0.2111111111111111
2 0.87109375 0.20046296296296295 0.08385416666666666 0.17685185185185184
0 0.7330729166666666 0.8611111111111112 0.1171875 0.12777777777777777
0 0.8309895833333333 0.7537037037037037 0.0734375 0.16666666666666666
0 0.7143229166666667 0.750462962962963 0.06510416666666667 0.25092592592592594
0 0.77890625 0.7106481481481481 0.0546875 0.1712962962962963
0 0.7658854166666667 0.6314814814814815 0.15572916666666667 0.10555555555555556
