0 0.27057291666666666 0.21435185185185185 0.11197916666666667 0.10648148148148148
2 0.15885416666666666 0.3023148148148148 0.065625 0.15833333333333333
0 0.2515625 0.3699074074074074 0.11979166666666667 0.09907407407407408
0 0.20833333333333334 0.45 0.046875 0.2351851851851852
0 0.2682291666666667 0.4546296296296296 0.053125 0.17962962962962964
2 0.215625 0.7958333333333333 0.06354166666666666 0.21944444444444444
0 0.4231770833333333 0.3925925925925926 0.08177083333333333 0.19074074074074074
0 0.4171875 0.49444444444444446 0.146875 0.1
0 0.5625 0.5796296296296296 0.03958333333333333 0.06296296296296296
0 0.5666666666666667 0.6712962962962963 0.11875 0.2074074074074074
1 0.6958333333333333 0.8768518518518519 0.09166666666666666 0.23333333333333334
1 0.81484375 0.7842592592592592 0.043229166666666666 0.1037037037037037
2 0.8690104166666667 0.8032407407407407 0.0828125 0.175
0 0.6651041666666667 0.08287037037037037 0.041666666666666664 0.16203703703703703
0 0.73203125 0.1439814814814815 0.11927083333333334 0.12685185185185185
0 0.7143229166666667 0.2518518518518518 0.06822916666666666 0.25
0 0.77890625 0.2967592592592593 0.04739583333333333 0.1638888888888889
0 0.83359375 0.2518518518518518 0.0734375 0.16666666666666666
1 0.8708333333333333 0.28888888888888886 0.0625 0.24814814814814815
0 0.7661458333333333 0.3699074074074074 0.153125 0.10277777777777777
