0 0.33880208333333334 0.9087962962962963 0.059895833333333336 0.19907407407407407
2 0.38828125 1.1074074074074074 0.0890625 0.11666666666666667
0 0.42630208333333336 0.9425925925925925 0.05572916666666667 0.21296296296296297
0 0.4713541666666667 1.0194444444444444 0.13229166666666667 0.08333333333333333
0 0.4739583333333333 0.912962962962963 0.10104166666666667 0.09444444444444444
2 0.6658854166666667 1.0064814814814815 0.1234375 0.11296296296296296
0 0.4390625 0.6375 0.10729166666666666 0.14537037037037037
0 0.49635416666666665 0.6481481481481481 0.05625 0.2611111111111111
0 0.5442708333333334 0.38981481481481484 0.035416666666666666 0.07037037037037037
0 0.5958333333333333 0.3824074074074074 0.11666666666666667 0.2111111111111111
1 0.7114583333333333 0.1527777777777778 0.13125 0.16296296296296298
1 0.659375 -0.0587962962962963 0.058333333333333334 0.07685185185185185
2 0.6700520833333333 -0.1550925925925926 0.0984375 0.14722222222222223
0 0.26484375 0.20694444444444443 0.09114583333333333 0.075
0 0.29921875 0.08842592592592592 0.07135416666666666 0.21203703703703702
0 0.35989583333333336 0.11990740740740741 0.140625 0.12129629629629629
0 0.38515625 0.005092592592592593 0.0921875 0.08425925925925926
0 0.35989583333333336 -0.09212962962962963 0.09375 0.13055555555555556
1 0.3807291666666667 -0.15833333333333333 0.13958333333333334 0.1111111111111111
0 0.42630208333333336 0.027777777777777776 0.0578125 0.2722222222222222
