0 0.33880208333333334 0.09212962962962963 0.059895833333333336 0.19907407407407407
2 0.38828125 -0.10648148148148148 0.0890625 0.11666666666666667
0 0.42630208333333336 0.058333333333333334 0.05572916666666667 0.21296296296296297
0 0.4713541666666667 -0.018518518518518517 0.13229166666666667 0.08333333333333333
0 0.4739583333333333 0.08796296296296297 0.10104166666666667 0.09444444444444444
2 0.6658854166666667 -0.005555555555555556 0.1234375 0.11296296296296296
0 0.4390625 0.36342592592592593 0.10729166666666666 0.14537037037037037
0 0.49635416666666665 0.3527777777777778 0.05625 0.2611111111111111
0 0.5442708333333334 0.6111111111111112 0.035416666666666666 0.07037037037037037
0 0.5958333333333333 0.6185185185185185 0.11666666666666667 0.2111111111111111
1 0.7114583333333333 0.8481481481481481 0.13125 0.16296296296296298
1 0.659375 1.0597222222222222 0.058333333333333334 0.07685185185185185
2 0.6700520833333333 1.1560185185185186 0.0984375 0.14722222222222223
0 0.26484375 0.7935185185185185 0.09114583333333333 0.07407407407407407
0 0.2989583333333333 0.9125 0.071875 0.21203703703703702
0 0.35989583333333336 0.8810185185185185 0.140625 0.12129629629629629
0 0.38515625 0.9958333333333333 0.0921875 0.08425925925925926
0 0.35989583333333336 1.0930555555555554 0.09375 0.13055555555555556
1 0.3807291666666667 1.1592592592592592 0.13958333333333334 0.1111111111111111
0 0.42630208333333336 0.9731481481481481 0.0578125 0.2722222222222222
