0 0.7286458333333333 0.2125 0.11041666666666666 0.10277777777777777
2 0.8395833333333333 0.2912037037037037 0.06875 0.16203703703703703
0 0.75 0.3638888888888889 0.11875 0.09444444444444444
0 0.7903645833333334 0.4462962962962963 0.04635416666666667 0.23148148148148148
0 0.73046875 0.4513888888888889 0.050520833333333334 0.18425925925925926
2 0.7861979166666667 0.7893518518518519 0.06927083333333334 0.2101851851851852
0 0.5765625 0.39351851851851855 0.08229166666666667 0.19444444444444445
0 0.584375 0.487962962962963 0.15208333333333332 0.09814814814814815
0 0.43802083333333336 0.5787037037037037 0.03854166666666667 0.06851851851851852
0 0.4348958333333333 0.6671296296296296 0.11666666666666667 0.2101851851851852
1 0.33619791666666665 0.08101851851851852 0.043229166666666666 0.16018518518518518
0 0.26666666666666666 0.14027777777777778 0.11875 0.125
0 0.2864583333333333 0.24675925925925926 0.06666666666666667 0.2490740740740741
0 0.22213541666666667 0.29305555555555557 0.0484375 0.16574074074074074
0 0.16822916666666668 0.24351851851851852 0.06875 0.17037037037037037
1 0.13203125 0.2759259259259259 0.05572916666666667 0.2518518518518518
0 0.2359375 0.3685185185185185 0.15416666666666667 0.10555555555555556
1 0.30807291666666664 0.8722222222222222 0.10260416666666666 0.2388888888888889
0 0.18723958333333332 0.7773148148148148 0.0359375 0.10092592592592593
2 0.13020833333333334 0.8018518518518518 0.08125 0.17962962962962964
