0 0.271875 0.2125 0.11041666666666666 0.10277777777777777
2 0.1609375 0.2912037037037037 0.06875 0.16203703703703703
0 0.25052083333333336 0.3638888888888889 0.11875 0.09444444444444444
0 0.21015625 0.4462962962962963 0.04635416666666667 0.23148148148148148
0 0.27005208333333336 0.4513888888888889 0.050520833333333334 0.18425925925925926
2 0.21432291666666667 0.7893518518518519 0.06927083333333334 0.2101851851851852
0 0.4239583333333333 0.39351851851851855 0.08229166666666667 0.19444444444444445
0 0.4161458333333333 0.487962962962963 0.15208333333333332 0.09814814814814815
0 0.5625 0.5787037037037037 0.03854166666666667 0.06851851851851852
0 0.565625 0.6671296296296296 0.11666666666666667 0.2101851851851852
1 0.6643229166666667 0.08101851851851852 0.043229166666666666 0.16018518518518518
0 0.7338541666666667 0.14027777777777778 0.11875 0.125
0 0.7140625 0.24675925925925926 0.06666666666666667 0.2490740740740741
0 0.7783854166666667 0.29305555555555557 0.0484375 0.16574074074074074
0 0.8322916666666667 0.24351851851851852 0.06875 0.17037037037037037
1 0.8684895833333334 0.2759259259259259 0.05572916666666667 0.2518518518518518
0 0.7645833333333333 0.3685185185185185 0.15416666666666667 0.10555555555555556
1 0.6924479166666667 0.8722222222222222 0.10260416666666666 0.2388888888888889
0 0.81328125 0.7773148148148148 0.0359375 0.10092592592592593
2 0.8703125 0.8018518518518518 0.08125 0.17962962962962964
