0 0.3377604166666667 0.9064814814814814 0.0578125 0.1962962962962963
2 0.38203125 1.1037037037037036 0.09114583333333333 0.12222222222222222
0 0.42291666666666666 0.9444444444444444 0.053125 0.2111111111111111
0 0.46927083333333336 1.0162037037037037 0.13020833333333334 0.0824074074074074
0 0.47213541666666664 0.9097222222222222 0.10364583333333334 0.08981481481481482
2 0.6622395833333333 1.0087962962962962 0.11822916666666666 0.12314814814814815
0 0.4395833333333333 0.6361111111111111 0.109375 0.14629629629629629
0 0.49270833333333336 0.65 0.05520833333333333 0.27037037037037037
0 0.54375 0.38981481481481484 0.03854166666666667 0.06851851851851852
0 0.5934895833333333 0.38425925925925924 0.11822916666666666 0.2074074074074074
1 0.2638020833333333 0.20833333333333334 0.09010416666666667 0.07777777777777778
0 0.29713541666666665 0.08518518518518518 0.0703125 0.2111111111111111
0 0.35703125 0.12037037037037036 0.14010416666666667 0.11851851851851852
0 0.38307291666666665 0.0060185185185185185 0.09322916666666667 0.08611111111111111
0 0.35520833333333335 -0.08981481481481482 0.09583333333333334 0.12222222222222222
1 0.3734375 -0.15416666666666667 0.14166666666666666 0.09907407407407408
0 0.42552083333333335 0.030555555555555555 0.059375 0.2740740740740741
1 0.7088541666666667 0.1587962962962963 0.134375 0.1824074074074074
0 0.65546875 -0.056018518518518516 0.05677083333333333 0.06388888888888888
2 0.6692708333333334 -0.1574074074074074 0.10104166666666667 0.14444444444444443
