0 0.34036458333333336 0.09305555555555556 0.059895833333333336 0.1935185185185185
1 0.26484375 0.7944444444444444 0.09010416666666667 0.06666666666666667
1 0.7057291666666666 0.8416666666666667 0.11458333333333333 0.18333333333333332
2 0.6666666666666666 -0.000462962962962963 0.11666666666666667 0.125
2 0.3859375 -0.09953703703703703 0.08854166666666667 0.11203703703703703
0 0.42630208333333336 0.058333333333333334 0.050520833333333334 0.2074074074074074
0 0.47265625 -0.01574074074074074 0.1296875 0.08518518518518518
0 0.47630208333333335 0.09212962962962963 0.10364583333333334 0.08611111111111111
0 0.44192708333333336 0.3662037037037037 0.10572916666666667 0.14166666666666666
0 0.49713541666666666 0.35555555555555557 0.05364583333333333 0.26296296296296295
0 0.54453125 0.6074074074074074 0.0390625 0.07592592592592592
0 0.5963541666666666 0.6199074074074075 0.11666666666666667 0.20277777777777778
2 0.6721354166666667 1.1587962962962963 0.0984375 0.14166666666666666
0 0.65859375 1.061574074074074 0.05572916666666667 0.058333333333333334
0 0.3015625 0.9189814814814815 0.07291666666666667 0.20462962962962963
0 0.36041666666666666 0.8837962962962963 0.1375 0.11944444444444445
0 0.38619791666666664 0.9986111111111111 0.09427083333333333 0.08611111111111111
0 0.4276041666666667 0.9694444444444444 0.059375 0.2759259259259259
0 0.35963541666666665 1.0898148148148148 0.0953125 0.12962962962962962
1 0.37604166666666666 1.1583333333333334 0.14479166666666668 0.1
