0 0.7294270833333333 0.21712962962962962 0.10885416666666667 0.10648148148148148
1 0.33489583333333334 0.08287037037037037 0.0375 0.16018518518518518
1 0.30833333333333335 0.8666666666666667 0.103125 0.2037037037037037
2 0.78203125 0.7972222222222223 0.0703125 0.2074074074074074
2 0.8377604166666667 0.29814814814814816 0.06302083333333333 0.1574074074074074
0 0.7489583333333333 0.3699074074074074 0.11666666666666667 0.08981481481481482
0 0.790625 0.45231481481481484 0.04791666666666667 0.23055555555555557
0 0.7299479166666667 0.4587962962962963 0.0484375 0.18425925925925926
0 0.57578125 0.3976851851851852 0.0796875 0.18796296296296297
0 0.5817708333333333 0.49583333333333335 0.14791666666666667 0.09537037037037037
0 0.4401041666666667 0.5800925925925926 0.042708333333333334 0.06944444444444445
0 0.43307291666666664 0.6722222222222223 0.1140625 0.2074074074074074
2 0.12994791666666666 0.8069444444444445 0.0796875 0.175
0 0.18463541666666666 0.7828703703703703 0.0328125 0.09907407407407408
0 0.26484375 0.1486111111111111 0.11510416666666666 0.1287037037037037
0 0.28463541666666664 0.25277777777777777 0.0671875 0.24444444444444444
0 0.22005208333333334 0.2986111111111111 0.0484375 0.1675925925925926
0 0.23645833333333333 0.37222222222222223 0.15520833333333334 0.10555555555555556
0 0.16875 0.2513888888888889 0.07291666666666667 0.16944444444444445
1 0.13020833333333334 0.28055555555555556 0.05625 0.2574074074074074
