0 0.6591145833333333 0.9078703703703703 0.059895833333333336 0.1935185185185185
1 0.7346354166666667 0.2064814814814815 0.09010416666666667 0.06666666666666667
1 0.29375 0.1587962962962963 0.11458333333333333 0.18425925925925926
2 0.3328125 1.0013888888888889 0.11666666666666667 0.125
2 0.6135416666666667 1.100462962962963 0.08854166666666667 0.11203703703703703
0 0.5731770833333333 0.9425925925925925 0.050520833333333334 0.2074074074074074
0 0.5268229166666667 1.0166666666666666 0.1296875 0.08518518518518518
0 0.5231770833333333 0.9087962962962963 0.10364583333333334 0.08611111111111111
0 0.5575520833333333 0.6347222222222222 0.10572916666666667 0.14166666666666666
0 0.50234375 0.6453703703703704 0.05364583333333333 0.26296296296296295
0 0.4549479166666667 0.39351851851851855 0.0390625 0.07592592592592592
0 0.403125 0.38101851851851853 0.11666666666666667 0.20277777777777778
2 0.32734375 -0.15787037037037038 0.0984375 0.14166666666666666
0 0.34088541666666666 -0.060648148148148145 0.05572916666666667 0.058333333333333334
0 0.69765625 0.08194444444444444 0.07239583333333334 0.20462962962962963
0 0.6390625 0.11712962962962963 0.1375 0.11944444444444445
0 0.61328125 0.0023148148148148147 0.09427083333333333 0.08611111111111111
0 0.571875 0.03148148148148148 0.059375 0.2759259259259259
0 0.63984375 -0.08888888888888889 0.0953125 0.12962962962962962
1 0.6234375 -0.1574074074074074 0.14479166666666668 0.1
