0 0.6572916666666667 0.9162037037037037 0.059375 0.19537037037037036
2 0.6111979166666667 1.1111111111111112 0.0859375 0.10925925925925926
0 0.5700520833333333 0.9532407407407407 0.05572916666666667 0.21388888888888888
0 0.5244791666666667 1.0263888888888888 0.128125 0.0824074074074074
0 0.5205729166666667 0.9175925925925926 0.09739583333333333 0.08518518518518518
2 0.33125 1.0125 0.11770833333333333 0.12314814814814815
0 0.5557291666666667 0.6453703703703704 0.10625 0.14074074074074075
2 0.5013020833333334 0.6532407407407408 0.05572916666666667 0.2657407407407407
0 0.45416666666666666 0.4013888888888889 0.030208333333333334 0.06944444444444445
2 0.4010416666666667 0.39351851851851855 0.11875 0.2
1 0.7330729166666666 0.22407407407407406 0.0953125 0.06296296296296296
1 0.3770833333333333 -0.10416666666666667 0.125 0.1712962962962963
1 0.6177083333333333 -0.15601851851851853 0.13541666666666666 0.11574074074074074
2 0.32890625 -0.15046296296296297 0.0984375 0.14537037037037037
1 0.2942708333333333 0.17083333333333334 0.11354166666666667 0.18981481481481483
0 0.6385416666666667 -0.08055555555555556 0.09375 0.12407407407407407
0 0.6963541666666667 0.09675925925925925 0.07083333333333333 0.20277777777777778
0 0.6377604166666667 0.1310185185185185 0.1421875 0.11944444444444445
0 0.61171875 0.014351851851851852 0.0921875 0.0824074074074074
0 0.5692708333333333 0.038425925925925926 0.057291666666666664 0.26944444444444443
