0 0.3421875 0.08472222222222223 0.059375 0.19537037037037036
2 0.38828125 -0.11018518518518519 0.0859375 0.10925925925925926
0 0.42942708333333335 0.047685185185185185 0.05572916666666667 0.21388888888888888
0 0.475 -0.02546296296296296 0.128125 0.0824074074074074
0 0.47890625 0.08333333333333333 0.09739583333333333 0.08518518518518518
2 0.6682291666666667 -0.011574074074074073 0.11770833333333333 0.12314814814814815
0 0.44375 0.35555555555555557 0.10625 0.14074074074074075
2 0.4981770833333333 0.3476851851851852 0.05572916666666667 0.2657407407407407
0 0.5453125 0.5995370370370371 0.030208333333333334 0.06944444444444445
2 0.5984375 0.6074074074074074 0.11875 0.2
1 0.26640625 0.7768518518518519 0.0953125 0.06296296296296296
1 0.6223958333333334 1.1050925925925925 0.125 0.1712962962962963
1 0.38177083333333334 1.1569444444444446 0.13541666666666666 0.11574074074074074
2 0.6705729166666666 1.1513888888888888 0.0984375 0.14537037037037037
1 0.7052083333333333 0.8296296296296296 0.11354166666666667 0.18888888888888888
0 0.3609375 1.0814814814814815 0.09375 0.12407407407407407
0 0.303125 0.9041666666666667 0.07083333333333333 0.20277777777777778
0 0.36171875 0.8699074074074075 0.1421875 0.11944444444444445
0 0.38776041666666666 0.986574074074074 0.0921875 0.0824074074074074
0 0.43020833333333336 0.9625 0.057291666666666664 0.26944444444444443
