0 0.7341145833333333 0.22037037037037038 0.10989583333333333 0.10555555555555556
2 0.84375 0.3023148148148148 0.06145833333333333 0.1527777777777778
0 0.7549479166666667 0.37546296296296294 0.1203125 0.09907407407407408
0 0.79609375 0.4564814814814815 0.04635416666666667 0.22777777777777777
0 0.7348958333333333 0.4634259259259259 0.04791666666666667 0.17314814814814813
2 0.78828125 0.8 0.06927083333333334 0.20925925925925926
0 0.5817708333333333 0.4009259259259259 0.07916666666666666 0.18888888888888888
2 0.5861979166666667 0.4976851851851852 0.14947916666666666 0.09907407407407408
0 0.44453125 0.5814814814814815 0.0390625 0.053703703703703705
2 0.4401041666666667 0.6759259259259259 0.1125 0.2111111111111111
1 0.34479166666666666 0.08564814814814815 0.035416666666666666 0.16944444444444445
1 0.16015625 0.7185185185185186 0.09635416666666667 0.2222222222222222
1 0.13098958333333333 0.29074074074074074 0.06510416666666667 0.24074074074074073
2 0.13411458333333334 0.8041666666666667 0.08177083333333333 0.175
1 0.3151041666666667 0.8657407407407407 0.10625 0.20185185185185187
0 0.1734375 0.2537037037037037 0.06979166666666667 0.16666666666666666
0 0.27317708333333335 0.15092592592592594 0.1140625 0.1259259259259259
0 0.29244791666666664 0.2550925925925926 0.0671875 0.25277777777777777
0 0.22682291666666668 0.3013888888888889 0.04635416666666667 0.1638888888888889
0 0.24036458333333333 0.3768518518518518 0.1515625 0.10185185185185185
