0 0.3421875 0.9162037037037037 0.059375 0.19537037037037036
2 0.38828125 1.1111111111111112 0.0859375 0.10925925925925926
0 0.42942708333333335 0.9532407407407407 0.05572916666666667 0.21388888888888888
0 0.475 1.0263888888888888 0.128125 0.0824074074074074
0 0.47890625 0.9175925925925926 0.09739583333333333 0.08518518518518518
2 0.6682291666666667 1.0125 0.11770833333333333 0.12314814814814815
0 0.44375 0.6453703703703704 0.10625 0.14074074074074075
2 0.4981770833333333 0.6532407407407408 0.05572916666666667 0.2657407407407407
0 0.5453125 0.4013888888888889 0.030208333333333334 0.06944444444444445
2 0.5984375 0.39351851851851855 0.11875 0.2
1 0.26640625 0.22361111111111112 0.0953125 0.06388888888888888
1 0.6223958333333334 -0.10416666666666667 0.125 0.1712962962962963
1 0.38177083333333334 -0.15601851851851853 0.13541666666666666 0.11574074074074074
2 0.6705729166666666 -0.15046296296296297 0.0984375 0.14537037037037037
1 0.7052083333333333 0.1712962962962963 0.11354166666666667 0.18888888888888888
0 0.3609375 -0.08055555555555556 0.09375 0.12407407407407407
0 0.303125 0.09675925925925925 0.07083333333333333 0.20277777777777778
0 0.36171875 0.1310185185185185 0.1421875 0.11944444444444445
0 0.38776041666666666 0.014351851851851852 0.0921875 0.0824074074074074
0 0.43020833333333336 0.038425925925925926 0.057291666666666664 0.26944444444444443
