1 0.41432291666666665 0.5953703703703703 0.07864583333333333 0.19074074074074074
1 0.5572916666666666 0.32407407407407407 0.1125 0.2111111111111111
1 0.6802083333333333 0.12175925925925926 0.11041666666666666 0.24166666666666667
1 0.6484375 0.9162037037037037 0.040625 0.1675925925925926
1 0.871875 0.6916666666666667 0.07916666666666666 0.21296296296296297
1 0.8375 0.2796296296296296 0.09479166666666666 0.22777777777777777
0 0.26276041666666666 0.7814814814814814 0.10885416666666667 0.10925925925925926
2 0.1546875 0.6935185185185185 0.06770833333333333 0.16296296296296298
0 0.240625 0.625 0.12083333333333333 0.09259259259259259
0 0.1984375 0.5398148148148149 0.04479166666666667 0.2388888888888889
0 0.2598958333333333 0.5333333333333333 0.04583333333333333 0.18888888888888888
2 0.20598958333333334 0.19768518518518519 0.0734375 0.20833333333333334
0 0.40859375 0.5009259259259259 0.15364583333333334 0.09444444444444444
0 0.5541666666666667 0.4125 0.04479166666666667 0.05277777777777778
0 0.72578125 0.850925925925926 0.12135416666666667 0.12962962962962962
0 0.7059895833333333 0.7439814814814815 0.06510416666666667 0.25092592592592594
0 0.76953125 0.6958333333333333 0.049479166666666664 0.1675925925925926
0 0.7567708333333333 0.6212962962962963 0.15208333333333332 0.1
0 0.8239583333333333 0.7430555555555556 0.07083333333333333 0.175
2 0.8606770833333334 0.18981481481481483 0.0828125 0.17592592592592593
