1 0.5861979166666667 0.40555555555555556 0.07864583333333333 0.19074074074074074
1 0.4432291666666667 0.6768518518518518 0.1125 0.2111111111111111
1 0.3203125 0.8791666666666667 0.11041666666666666 0.24166666666666667
1 0.35208333333333336 0.08472222222222223 0.040625 0.1675925925925926
1 0.12864583333333332 0.30925925925925923 0.07916666666666666 0.21296296296296297
1 0.16302083333333334 0.7212962962962963 0.09479166666666666 0.22777777777777777
0 0.7377604166666667 0.21944444444444444 0.10885416666666667 0.10925925925925926
2 0.8458333333333333 0.3074074074074074 0.06770833333333333 0.16296296296296298
0 0.7598958333333333 0.37592592592592594 0.12083333333333333 0.09259259259259259
0 0.8020833333333334 0.46111111111111114 0.04479166666666667 0.2388888888888889
0 0.740625 0.4675925925925926 0.04583333333333333 0.18888888888888888
2 0.79453125 0.8032407407407407 0.0734375 0.20833333333333334
0 0.5919270833333333 0.5 0.15364583333333334 0.09444444444444444
0 0.44635416666666666 0.5884259259259259 0.04479166666666667 0.05277777777777778
0 0.2747395833333333 0.15 0.12135416666666667 0.12962962962962962
0 0.29453125 0.2569444444444444 0.06510416666666667 0.25092592592592594
0 0.23098958333333333 0.3050925925925926 0.049479166666666664 0.1675925925925926
0 0.24375 0.37962962962962965 0.15208333333333332 0.1
0 0.1765625 0.25787037037037036 0.07083333333333333 0.175
2 0.13984375 0.8111111111111111 0.0828125 0.17592592592592593
