1 0.44635416666666666 0.3476851851851852 0.10729166666666666 0.1398148148148148
1 0.5989583333333334 0.6018518518518519 0.11875 0.2
1 0.7127604166666667 0.8203703703703704 0.1359375 0.1962962962962963
1 0.26588541666666665 0.7638888888888888 0.09427083333333333 0.07222222222222222
1 0.3921875 1.1611111111111112 0.11979166666666667 0.14074074074074075
1 0.6239583333333333 1.1 0.128125 0.1685185185185185
0 0.3416666666666667 0.07824074074074074 0.06145833333333333 0.1935185185185185
2 0.39114583333333336 -0.11388888888888889 0.09166666666666666 0.12037037037037036
0 0.4296875 0.03888888888888889 0.052083333333333336 0.21481481481481482
0 0.47760416666666666 -0.03611111111111111 0.134375 0.07962962962962963
0 0.48125 0.07314814814814814 0.10625 0.08148148148148149
2 0.6700520833333333 -0.022685185185185187 0.1171875 0.13055555555555556
0 0.49947916666666664 0.3375 0.053125 0.27314814814814814
0 0.54921875 0.5962962962962963 0.0296875 0.07962962962962963
0 0.30234375 0.9013888888888889 0.0734375 0.21574074074074073
0 0.36276041666666664 0.8662037037037037 0.14114583333333333 0.11574074074074074
0 0.38984375 0.9791666666666666 0.09427083333333333 0.08796296296296297
0 0.4317708333333333 0.9564814814814815 0.05625 0.27037037037037037
0 0.36328125 1.075925925925926 0.0984375 0.1259259259259259
2 0.6744791666666666 1.1412037037037037 0.09895833333333333 0.14722222222222223
