1 0.553125 0.6532407407407408 0.10729166666666666 0.1398148148148148
1 0.4005208333333333 0.3990740740740741 0.11875 0.2
1 0.28671875 0.18009259259259258 0.1359375 0.19722222222222222
1 0.73359375 0.23703703703703705 0.09427083333333333 0.07222222222222222
1 0.6072916666666667 -0.16018518518518518 0.11979166666666667 0.14074074074074075
1 0.37552083333333336 -0.09907407407407408 0.128125 0.1685185185185185
0 0.6578125 0.9226851851851852 0.06145833333333333 0.1935185185185185
2 0.6083333333333333 1.114814814814815 0.09166666666666666 0.12037037037037036
0 0.5697916666666667 0.962037037037037 0.052083333333333336 0.21481481481481482
0 0.521875 1.037037037037037 0.134375 0.07962962962962963
0 0.5182291666666666 0.9277777777777778 0.10625 0.08148148148148149
2 0.3294270833333333 1.023611111111111 0.1171875 0.13055555555555556
0 0.5 0.663425925925926 0.053125 0.27314814814814814
0 0.45026041666666666 0.4046296296296296 0.0296875 0.07962962962962963
0 0.696875 0.09953703703703703 0.07291666666666667 0.21574074074074073
0 0.63671875 0.13472222222222222 0.14114583333333333 0.11574074074074074
0 0.6096354166666667 0.02175925925925926 0.09427083333333333 0.08796296296296297
0 0.5677083333333334 0.044444444444444446 0.05625 0.27037037037037037
0 0.6361979166666667 -0.075 0.0984375 0.1259259259259259
2 0.325 -0.14027777777777778 0.09895833333333333 0.14722222222222223
