1 0.44635416666666666 0.6532407407407408 0.10729166666666666 0.1398148148148148
1 0.5989583333333334 0.3990740740740741 0.11875 0.2
1 0.7127604166666667 0.18055555555555555 0.1359375 0.1962962962962963
1 0.26588541666666665 0.23657407407407408 0.09427083333333333 0.07314814814814814
1 0.3921875 -0.16018518518518518 0.11979166666666667 0.14074074074074075
1 0.6239583333333333 -0.09907407407407408 0.128125 0.1685185185185185
0 0.3416666666666667 0.9226851851851852 0.06145833333333333 0.1935185185185185
2 0.39114583333333336 1.114814814814815 0.09166666666666666 0.12037037037037036
0 0.4296875 0.962037037037037 0.052083333333333336 0.21481481481481482
0 0.47760416666666666 1.037037037037037 0.134375 0.07962962962962963
0 0.48125 0.9277777777777778 0.10625 0.08148148148148149
2 0.6700520833333333 1.023611111111111 0.1171875 0.13055555555555556
0 0.49947916666666664 0.663425925925926 0.053125 0.27314814814814814
0 0.54921875 0.4046296296296296 0.0296875 0.07962962962962963
0 0.3026041666666667 0.09953703703703703 0.07291666666666667 0.21574074074074073
0 0.36276041666666664 0.13472222222222222 0.14114583333333333 0.11574074074074074
0 0.38984375 0.02175925925925926 0.09427083333333333 0.08796296296296297
0 0.4317708333333333 0.044444444444444446 0.05625 0.27037037037037037
0 0.36328125 -0.075 0.0984375 0.1259259259259259
2 0.6744791666666666 -0.14027777777777778 0.09895833333333333 0.14722222222222223
