0 0.26510416666666664 0.23842592592592593 0.1 0.10462962962962963
2 0.15651041666666668 0.32083333333333336 0.06302083333333333 0.15648148148148147
2 0.21119791666666668 0.7819444444444444 0.06302083333333333 0.21203703703703702
0 0.20520833333333333 0.4564814814814815 0.04895833333333333 0.21481481481481482
0 0.24296875 0.37407407407407406 0.11302083333333333 0.08703703703703704
0 0.26015625 0.4615740740740741 0.04635416666666667 0.16018518518518518
0 0.40651041666666665 0.40555555555555556 0.0765625 0.17037037037037037
0 0.4002604166666667 0.49537037037037035 0.1421875 0.09259259259259259
0 0.5315104166666667 0.5462962962962963 0.03802083333333333 0.1685185185185185
0 0.5380208333333333 0.6712962962962963 0.11145833333333334 0.18888888888888888
0 0.5776041666666667 0.7175925925925926 0.028125 0.06296296296296296
1 0.6390625 0.749537037037037 0.07083333333333333 0.058333333333333334
1 0.7229166666666667 0.8893518518518518 0.06875 0.10648148148148148
1 0.8177083333333334 0.7851851851851852 0.065625 0.17962962962962964
1 0.8361979166666667 0.4398148148148148 0.0796875 0.14074074074074075
1 0.6255208333333333 0.16018518518518518 0.04375 0.1925925925925926
1 0.7052083333333333 0.17222222222222222 0.103125 0.12222222222222222
1 0.72890625 0.3921296296296296 0.13802083333333334 0.10092592592592593
0 0.6822916666666666 0.27870370370370373 0.06145833333333333 0.24074074074074073
0 0.7401041666666667 0.31851851851851853 0.046875 0.1425925925925926
0 0.7997395833333333 0.28055555555555556 0.0765625 0.15925925925925927
