0 0.7354166666666667 0.23842592592592593 0.1 0.10462962962962963
2 0.8440104166666667 0.32083333333333336 0.06302083333333333 0.15648148148148147
2 0.7893229166666667 0.7819444444444444 0.06302083333333333 0.21203703703703702
0 0.7953125 0.4564814814814815 0.04895833333333333 0.21481481481481482
0 0.7575520833333333 0.37407407407407406 0.11302083333333333 0.08703703703703704
0 0.7403645833333333 0.4615740740740741 0.04635416666666667 0.16018518518518518
0 0.5940104166666667 0.40555555555555556 0.0765625 0.17037037037037037
0 0.6002604166666666 0.49537037037037035 0.1421875 0.09259259259259259
0 0.46901041666666665 0.5462962962962963 0.03802083333333333 0.1685185185185185
0 0.4625 0.6712962962962963 0.11145833333333334 0.18888888888888888
0 0.42291666666666666 0.7175925925925926 0.028125 0.06296296296296296
1 0.3614583333333333 0.749537037037037 0.07083333333333333 0.058333333333333334
1 0.27760416666666665 0.8893518518518518 0.06875 0.10648148148148148
1 0.1828125 0.7851851851851852 0.065625 0.17962962962962964
1 0.16432291666666668 0.4398148148148148 0.0796875 0.14074074074074075
1 0.375 0.16018518518518518 0.04375 0.1925925925925926
1 0.2953125 0.17222222222222222 0.103125 0.12222222222222222
1 0.2716145833333333 0.3921296296296296 0.13802083333333334 0.10092592592592593
0 0.3182291666666667 0.27870370370370373 0.06145833333333333 0.24074074074074073
0 0.2604166666666667 0.31851851851851853 0.046875 0.1425925925925926
0 0.20078125 0.28055555555555556 0.0765625 0.15925925925925927
