0 0.35234375 0.9185185185185185 0.058854166666666666 0.17777777777777778
2 0.39869791666666665 1.111574074074074 0.08802083333333334 0.11203703703703703
2 0.6580729166666667 1.014351851851852 0.11927083333333334 0.11203703703703703
0 0.475 1.025 0.12083333333333333 0.08703703703703704
0 0.42864583333333334 0.9578703703703704 0.04895833333333333 0.20092592592592592
0 0.4778645833333333 0.9273148148148148 0.09010416666666667 0.0824074074074074
0 0.44635416666666666 0.6671296296296296 0.09583333333333334 0.1361111111111111
0 0.496875 0.6782407407407407 0.052083333333333336 0.25277777777777777
0 0.5255208333333333 0.4449074074074074 0.09479166666666666 0.06759259259259259
0 0.5958333333333333 0.43333333333333335 0.10625 0.19814814814814816
0 0.621875 0.362962962962963 0.035416666666666666 0.05
1 0.63984375 0.2537037037037037 0.0328125 0.1259259259259259
1 0.7184895833333333 0.10462962962962963 0.059895833333333336 0.12222222222222222
1 0.6598958333333333 -0.06388888888888888 0.10104166666666667 0.11666666666666667
1 0.465625 -0.09675925925925925 0.07916666666666666 0.14166666666666666
1 0.30833333333333335 0.2773148148148148 0.10833333333333334 0.0787037037037037
1 0.3151041666666667 0.1361111111111111 0.06875 0.18333333333333332
1 0.4388020833333333 0.09398148148148149 0.05677083333333333 0.24537037037037038
0 0.375 0.17685185185185184 0.13541666666666666 0.10925925925925926
0 0.39739583333333334 0.07407407407407407 0.08020833333333334 0.08333333333333333
0 0.37604166666666666 -0.03194444444444444 0.08958333333333333 0.1361111111111111
