0 0.26510416666666664 0.7625 0.1 0.10462962962962963
2 0.15651041666666668 0.6800925925925926 0.06302083333333333 0.15648148148148147
2 0.21119791666666668 0.21898148148148147 0.06302083333333333 0.21203703703703702
0 0.20520833333333333 0.5444444444444444 0.04895833333333333 0.21481481481481482
0 0.24296875 0.6268518518518519 0.11302083333333333 0.08703703703703704
0 0.26015625 0.5393518518518519 0.04635416666666667 0.16018518518518518
0 0.40651041666666665 0.5953703703703703 0.0765625 0.17037037037037037
0 0.4002604166666667 0.5055555555555555 0.1421875 0.09259259259259259
0 0.5315104166666667 0.4546296296296296 0.03802083333333333 0.1685185185185185
0 0.5380208333333333 0.3296296296296296 0.11145833333333334 0.18888888888888888
0 0.5776041666666667 0.2833333333333333 0.028125 0.06296296296296296
1 0.6390625 0.2513888888888889 0.07083333333333333 0.058333333333333334
1 0.7229166666666667 0.11157407407407408 0.06875 0.10648148148148148
1 0.8177083333333334 0.21574074074074073 0.065625 0.17962962962962964
1 0.8361979166666667 0.5611111111111111 0.0796875 0.14074074074074075
1 0.6255208333333333 0.8407407407407408 0.04375 0.1925925925925926
1 0.7052083333333333 0.8287037037037037 0.103125 0.12222222222222222
1 0.72890625 0.6087962962962963 0.13802083333333334 0.10092592592592593
0 0.6822916666666666 0.7222222222222222 0.06145833333333333 0.24074074074074073
0 0.7401041666666667 0.6824074074074075 0.046875 0.1425925925925926
0 0.7997395833333333 0.7203703703703703 0.0765625 0.15925925925925927
