0 0.3419270833333333 0.07962962962962963 0.059895833333333336 0.1962962962962963
2 0.38776041666666666 -0.11851851851851852 0.08489583333333334 0.10740740740740741
0 0.42942708333333335 0.041666666666666664 0.0515625 0.21296296296296297
0 0.47604166666666664 -0.03194444444444444 0.13125 0.08611111111111111
0 0.4786458333333333 0.07546296296296297 0.10208333333333333 0.08981481481481482
2 0.6669270833333333 -0.01898148148148148 0.11302083333333333 0.125
1 0.44479166666666664 0.3486111111111111 0.10729166666666666 0.14351851851851852
0 0.4984375 0.34120370370370373 0.05520833333333333 0.2657407407407407
1 0.26614583333333336 0.7518518518518519 0.09270833333333334 0.07592592592592592
0 0.30182291666666666 0.899074074074074 0.07239583333333334 0.20555555555555555
0 0.3614583333333333 0.8703703703703703 0.14270833333333333 0.1111111111111111
0 0.3888020833333333 0.9824074074074074 0.09010416666666667 0.08333333333333333
0 0.36041666666666666 1.074537037037037 0.09270833333333334 0.13240740740740742
1 0.39140625 1.1694444444444445 0.10989583333333333 0.1574074074074074
0 0.5471354166666667 0.5958333333333333 0.033854166666666664 0.08055555555555556
0 0.5986979166666667 0.6037037037037037 0.11510416666666666 0.2074074074074074
1 0.709375 0.8101851851851852 0.12916666666666668 0.21296296296296297
1 0.6213541666666667 1.1032407407407407 0.12291666666666666 0.17314814814814813
2 0.6708333333333333 1.1439814814814815 0.09479166666666666 0.1398148148148148
