0 0.6575520833333334 0.9212962962962963 0.059895833333333336 0.1962962962962963
2 0.61171875 1.1194444444444445 0.08489583333333334 0.10740740740740741
0 0.5700520833333333 0.9592592592592593 0.0515625 0.21296296296296297
0 0.5234375 1.0328703703703703 0.13125 0.08611111111111111
0 0.5208333333333334 0.9254629629629629 0.10208333333333333 0.08981481481481482
2 0.33255208333333336 1.0199074074074075 0.11302083333333333 0.125
1 0.5546875 0.6523148148148148 0.10729166666666666 0.14351851851851852
0 0.5010416666666667 0.6597222222222222 0.05520833333333333 0.2657407407407407
1 0.7333333333333333 0.2490740740740741 0.09270833333333334 0.07592592592592592
0 0.6973958333333333 0.10185185185185185 0.071875 0.20555555555555555
0 0.6380208333333334 0.13055555555555556 0.14270833333333333 0.1111111111111111
0 0.6106770833333334 0.018518518518518517 0.09010416666666667 0.08333333333333333
0 0.6390625 -0.07361111111111111 0.09270833333333334 0.13240740740740742
1 0.6080729166666666 -0.1685185185185185 0.10989583333333333 0.1574074074074074
0 0.45234375 0.4050925925925926 0.033854166666666664 0.08055555555555556
0 0.40078125 0.3972222222222222 0.11510416666666666 0.2074074074074074
1 0.29010416666666666 0.19027777777777777 0.12916666666666668 0.21388888888888888
1 0.378125 -0.10231481481481482 0.12291666666666666 0.17314814814814813
2 0.32864583333333336 -0.14305555555555555 0.09479166666666666 0.1398148148148148
