0 0.7369791666666666 0.2199074074074074 0.11041666666666666 0.10648148148148148
2 0.8484375 0.3013888888888889 0.06041666666666667 0.15092592592592594
0 0.7583333333333333 0.37546296296296294 0.11979166666666667 0.09166666666666666
0 0.7997395833333333 0.4583333333333333 0.0484375 0.23333333333333334
0 0.7393229166666667 0.46296296296296297 0.050520833333333334 0.1814814814814815
2 0.7924479166666667 0.7976851851851852 0.0703125 0.20092592592592592
1 0.5856770833333333 0.4027777777777778 0.08072916666666667 0.19074074074074074
0 0.58984375 0.4981481481481482 0.14947916666666666 0.09814814814814815
1 0.35885416666666664 0.08518518518518518 0.042708333333333334 0.1648148148148148
0 0.2760416666666667 0.14907407407407408 0.115625 0.12777777777777777
0 0.2921875 0.25462962962962965 0.0625 0.2537037037037037
0 0.22916666666666666 0.30324074074074076 0.046875 0.16018518518518518
0 0.17734375 0.25277777777777777 0.07447916666666667 0.1648148148148148
1 0.12395833333333334 0.30787037037037035 0.08854166666666667 0.19537037037037036
0 0.4466145833333333 0.5847222222222223 0.0453125 0.06018518518518518
0 0.4421875 0.6763888888888889 0.11666666666666667 0.20462962962962963
1 0.3260416666666667 0.8731481481481481 0.11979166666666667 0.22962962962962963
1 0.16119791666666666 0.7166666666666667 0.09739583333333333 0.21851851851851853
2 0.13828125 0.8046296296296296 0.07864583333333333 0.1685185185185185
