0 0.26796875 0.225 0.10989583333333333 0.10740740740740741
2 0.15807291666666667 0.30092592592592593 0.0609375 0.15555555555555556
0 0.2453125 0.3768518518518518 0.12083333333333333 0.09259259259259259
0 0.20598958333333334 0.46064814814814814 0.0453125 0.23796296296296296
0 0.26536458333333335 0.46435185185185185 0.0484375 0.175
2 0.21171875 0.8023148148148148 0.07135416666666666 0.2064814814814815
0 0.41875 0.4060185185185185 0.07916666666666666 0.18611111111111112
0 0.41380208333333335 0.5 0.15052083333333333 0.0962962962962963
1 0.6447916666666667 0.08703703703703704 0.04479166666666667 0.17222222222222222
0 0.72890625 0.15555555555555556 0.1171875 0.12777777777777777
0 0.7098958333333333 0.26296296296296295 0.0625 0.25
0 0.7734375 0.30462962962962964 0.05 0.16111111111111112
0 0.8255208333333334 0.25972222222222224 0.06770833333333333 0.1638888888888889
2 0.8799479166666667 0.30925925925925923 0.08802083333333334 0.2
0 0.7609375 0.38055555555555554 0.15 0.10185185185185185
0 0.5533854166666666 0.5902777777777778 0.04635416666666667 0.06018518518518518
0 0.56171875 0.6791666666666667 0.11510416666666666 0.20462962962962963
1 0.6859375 0.8638888888888889 0.10729166666666666 0.1962962962962963
0 0.8075520833333333 0.7972222222222223 0.027604166666666666 0.07407407407407407
2 0.8640625 0.8101851851851852 0.08125 0.17592592592592593
