0 0.6546875 0.913425925925926 0.06041666666666667 0.19537037037037036
2 0.6119791666666666 1.1087962962962963 0.0875 0.10833333333333334
0 0.5692708333333333 0.9537037037037037 0.052083333333333336 0.21481481481481482
0 0.5221354166666666 1.023611111111111 0.13385416666666666 0.08055555555555556
0 0.5200520833333333 0.9180555555555555 0.0984375 0.08611111111111111
2 0.3299479166666667 1.013425925925926 0.11614583333333334 0.12685185185185185
0 0.5528645833333333 0.6453703703703704 0.1046875 0.14074074074074075
0 0.5 0.6541666666666667 0.05416666666666667 0.2675925925925926
1 0.7322916666666667 0.24351851851851852 0.096875 0.07962962962962963
0 0.69375 0.09398148148148149 0.071875 0.20833333333333334
0 0.6333333333333333 0.12777777777777777 0.140625 0.1111111111111111
0 0.6098958333333333 0.014814814814814815 0.090625 0.08888888888888889
0 0.63515625 -0.07777777777777778 0.0921875 0.12037037037037036
2 0.6072916666666667 -0.17453703703703705 0.1125 0.15648148148148147
0 0.5671875 0.037037037037037035 0.057291666666666664 0.26666666666666666
0 0.44921875 0.4060185185185185 0.033854166666666664 0.0824074074074074
0 0.39921875 0.3912037037037037 0.11510416666666666 0.20462962962962963
1 0.2953125 0.1699074074074074 0.11041666666666666 0.19166666666666668
0 0.3328125 -0.04583333333333333 0.041666666666666664 0.049074074074074076
2 0.3255208333333333 -0.14629629629629629 0.09895833333333333 0.14444444444444443
