0 0.7325520833333333 0.225 0.10989583333333333 0.10740740740740741
2 0.8424479166666666 0.30092592592592593 0.0609375 0.15555555555555556
0 0.7552083333333334 0.3768518518518518 0.12083333333333333 0.09259259259259259
0 0.79453125 0.46064814814814814 0.0453125 0.23796296296296296
0 0.73515625 0.46435185185185185 0.0484375 0.175
2 0.7888020833333333 0.8023148148148148 0.07135416666666666 0.2064814814814815
0 0.5817708333333333 0.4060185185185185 0.07916666666666666 0.18611111111111112
0 0.58671875 0.5 0.15052083333333333 0.0962962962962963
1 0.35572916666666665 0.08703703703703704 0.04479166666666667 0.17222222222222222
0 0.2716145833333333 0.15555555555555556 0.1171875 0.12777777777777777
0 0.290625 0.26296296296296295 0.0625 0.25
0 0.22708333333333333 0.30462962962962964 0.05 0.16111111111111112
0 0.175 0.25972222222222224 0.06770833333333333 0.1638888888888889
2 0.12057291666666667 0.30925925925925923 0.08802083333333334 0.2
0 0.23958333333333334 0.38055555555555554 0.15 0.10185185185185185
0 0.4471354166666667 0.5902777777777778 0.04635416666666667 0.06018518518518518
0 0.4388020833333333 0.6791666666666667 0.11510416666666666 0.20462962962962963
1 0.3145833333333333 0.8638888888888889 0.10729166666666666 0.1962962962962963
0 0.19296875 0.7972222222222223 0.027604166666666666 0.07407407407407407
2 0.13645833333333332 0.8101851851851852 0.08125 0.17592592592592593
