0 0.34479166666666666 0.0875 0.06041666666666667 0.19537037037037036
2 0.3875 -0.10787037037037037 0.0875 0.10833333333333334
0 0.43020833333333336 0.04722222222222222 0.052083333333333336 0.21481481481481482
0 0.47734375 -0.022685185185185187 0.13385416666666666 0.08055555555555556
0 0.47942708333333334 0.08287037037037037 0.0984375 0.08611111111111111
2 0.66953125 -0.0125 0.11614583333333334 0.12685185185185185
0 0.4466145833333333 0.35555555555555557 0.1046875 0.14074074074074075
0 0.49947916666666664 0.34675925925925927 0.05416666666666667 0.2675925925925926
1 0.2671875 0.7574074074074074 0.096875 0.07962962962962963
0 0.30572916666666666 0.9069444444444444 0.071875 0.20833333333333334
0 0.36614583333333334 0.8731481481481481 0.140625 0.1111111111111111
0 0.38958333333333334 0.9861111111111112 0.090625 0.08888888888888889
0 0.36432291666666666 1.0787037037037037 0.0921875 0.12037037037037036
2 0.3921875 1.175462962962963 0.1125 0.15648148148148147
0 0.4322916666666667 0.9638888888888889 0.057291666666666664 0.26666666666666666
0 0.5502604166666667 0.5949074074074074 0.033854166666666664 0.0824074074074074
0 0.6002604166666666 0.6097222222222223 0.11510416666666666 0.20462962962962963
1 0.7041666666666667 0.8305555555555556 0.11041666666666666 0.19074074074074074
0 0.6666666666666666 1.0467592592592592 0.041666666666666664 0.049074074074074076
2 0.6739583333333333 1.1472222222222221 0.09895833333333333 0.14444444444444443
