0 0.26796875 0.7759259259259259 0.10989583333333333 0.10740740740740741
2 0.15807291666666667 0.7 0.0609375 0.15555555555555556
0 0.2453125 0.6240740740740741 0.12083333333333333 0.09259259259259259
0 0.20598958333333334 0.5402777777777777 0.0453125 0.23796296296296296
0 0.26536458333333335 0.5365740740740741 0.0484375 0.175
2 0.21171875 0.1986111111111111 0.07135416666666666 0.2064814814814815
0 0.41875 0.5949074074074074 0.07916666666666666 0.18611111111111112
0 0.41380208333333335 0.5009259259259259 0.15052083333333333 0.0962962962962963
1 0.6447916666666667 0.9138888888888889 0.04479166666666667 0.17222222222222222
0 0.72890625 0.8453703703703703 0.1171875 0.12777777777777777
0 0.7098958333333333 0.7379629629629629 0.0625 0.25
0 0.7734375 0.6962962962962963 0.05 0.16111111111111112
0 0.8255208333333334 0.7412037037037037 0.06770833333333333 0.1638888888888889
2 0.8799479166666667 0.6916666666666667 0.08802083333333334 0.2
0 0.7609375 0.6203703703703703 0.15 0.10185185185185185
0 0.5533854166666666 0.41064814814814815 0.04635416666666667 0.06018518518518518
0 0.56171875 0.32175925925925924 0.11510416666666666 0.20462962962962963
1 0.6859375 0.13703703703703704 0.10729166666666666 0.1962962962962963
0 0.8075520833333333 0.2037037037037037 0.027604166666666666 0.07407407407407407
2 0.8640625 0.19074074074074074 0.08125 0.17592592592592593
