0 0.35052083333333334 0.08657407407407407 0.057291666666666664 0.19722222222222222
2 0.3932291666666667 -0.10648148148148148 0.08854166666666667 0.10555555555555556
0 0.4354166666666667 0.05138888888888889 0.052083333333333336 0.20277777777777778
0 0.4830729166666667 -0.02175925925925926 0.13177083333333334 0.0824074074074074
0 0.4856770833333333 0.08611111111111111 0.10052083333333334 0.08518518518518518
2 0.6716145833333333 -0.013888888888888888 0.1109375 0.12962962962962962
0 0.45026041666666666 0.3592592592592593 0.1078125 0.14074074074074075
0 0.5033854166666667 0.3476851851851852 0.05572916666666667 0.2638888888888889
0 0.5544270833333333 0.600462962962963 0.033854166666666664 0.0712962962962963
0 0.6033854166666667 0.612037037037037 0.1171875 0.2
1 0.26901041666666664 0.7458333333333333 0.10052083333333334 0.09537037037037037
0 0.30885416666666665 0.9032407407407408 0.06770833333333333 0.20462962962962963
0 0.3692708333333333 0.8726851851851852 0.13958333333333334 0.11203703703703703
0 0.3692708333333333 1.0814814814814815 0.09479166666666666 0.1259259259259259
0 0.3953125 0.9875 0.090625 0.0824074074074074
1 0.39348958333333334 1.1601851851851852 0.1171875 0.1259259259259259
0 0.43515625 0.9657407407407408 0.0546875 0.2722222222222222
1 0.70859375 0.8379629629629629 0.1046875 0.17222222222222222
0 0.6690104166666667 1.0509259259259258 0.043229166666666666 0.05555555555555555
2 0.6776041666666667 1.151851851851852 0.09791666666666667 0.13703703703703704
