0 0.35052083333333334 0.9143518518518519 0.057291666666666664 0.19722222222222222
2 0.3932291666666667 1.1074074074074074 0.08854166666666667 0.10555555555555556
0 0.4354166666666667 0.9495370370370371 0.052083333333333336 0.20277777777777778
0 0.4830729166666667 1.0226851851851853 0.13177083333333334 0.0824074074074074
0 0.4856770833333333 0.9148148148148149 0.10052083333333334 0.08518518518518518
2 0.6716145833333333 1.0148148148148148 0.1109375 0.12962962962962962
0 0.45026041666666666 0.6416666666666667 0.1078125 0.14074074074074075
0 0.5033854166666667 0.6532407407407408 0.05572916666666667 0.2638888888888889
0 0.5544270833333333 0.40046296296296297 0.033854166666666664 0.0712962962962963
0 0.6033854166666667 0.3888888888888889 0.1171875 0.2
1 0.26901041666666664 0.25462962962962965 0.10052083333333334 0.0962962962962963
0 0.30885416666666665 0.09768518518518518 0.06770833333333333 0.20462962962962963
0 0.3692708333333333 0.12824074074074074 0.13958333333333334 0.11203703703703703
0 0.3692708333333333 -0.08055555555555556 0.09479166666666666 0.1259259259259259
0 0.3953125 0.013425925925925926 0.090625 0.0824074074074074
1 0.39348958333333334 -0.15925925925925927 0.1171875 0.1259259259259259
0 0.43515625 0.03518518518518519 0.0546875 0.2722222222222222
1 0.70859375 0.16296296296296298 0.1046875 0.17222222222222222
0 0.6690104166666667 -0.05 0.043229166666666666 0.05555555555555555
2 0.6776041666666667 -0.15092592592592594 0.09791666666666667 0.13703703703703704
