0 0.6489583333333333 0.9143518518518519 0.057291666666666664 0.19722222222222222
2 0.60625 1.1074074074074074 0.08854166666666667 0.10555555555555556
0 0.5640625 0.9495370370370371 0.052083333333333336 0.20277777777777778
0 0.51640625 1.0226851851851853 0.13177083333333334 0.0824074074074074
0 0.5138020833333333 0.9148148148148149 0.10052083333333334 0.08518518518518518
2 0.32786458333333335 1.0148148148148148 0.1109375 0.12962962962962962
0 0.54921875 0.6416666666666667 0.1078125 0.14074074074074075
0 0.49609375 0.6532407407407408 0.05572916666666667 0.2638888888888889
0 0.44505208333333335 0.40046296296296297 0.033854166666666664 0.0712962962962963
0 0.39609375 0.3888888888888889 0.1171875 0.2
1 0.73046875 0.2550925925925926 0.10052083333333334 0.09537037037037037
0 0.690625 0.09768518518518518 0.06770833333333333 0.20462962962962963
0 0.6302083333333334 0.12824074074074074 0.13958333333333334 0.11203703703703703
0 0.6302083333333334 -0.08055555555555556 0.09479166666666666 0.1259259259259259
0 0.6041666666666666 0.013425925925925926 0.090625 0.0824074074074074
1 0.6059895833333333 -0.15925925925925927 0.1171875 0.1259259259259259
0 0.5643229166666667 0.03518518518518519 0.0546875 0.2722222222222222
1 0.2908854166666667 0.1625 0.1046875 0.17314814814814813
0 0.33046875 -0.05 0.043229166666666666 0.05555555555555555
2 0.321875 -0.15092592592592594 0.09791666666666667 0.13703703703703704
