0 0.7330729166666666 0.2351851851851852 0.1109375 0.10185185185185185
2 0.8416666666666667 0.3111111111111111 0.059375 0.1574074074074074
0 0.7528645833333333 0.3861111111111111 0.1140625 0.09259259259259259
0 0.7940104166666667 0.4708333333333333 0.04635416666666667 0.23425925925925925
0 0.7333333333333333 0.475462962962963 0.04791666666666667 0.1787037037037037
2 0.7895833333333333 0.8060185185185185 0.07291666666666667 0.19722222222222222
0 0.5796875 0.4125 0.07916666666666666 0.19166666666666668
0 0.5861979166666667 0.5069444444444444 0.1484375 0.09907407407407408
0 0.4440104166666667 0.5976851851851852 0.04010416666666667 0.06018518518518518
0 0.4375 0.6847222222222222 0.1125 0.20833333333333334
1 0.36223958333333334 0.09027777777777778 0.05364583333333333 0.1787037037037037
0 0.27369791666666665 0.16111111111111112 0.11510416666666666 0.12037037037037036
0 0.2908854166666667 0.26851851851851855 0.06302083333333333 0.24814814814814815
0 0.1734375 0.26851851851851855 0.07083333333333333 0.1685185185185185
0 0.22630208333333332 0.3148148148148148 0.04635416666666667 0.16111111111111112
1 0.12916666666666668 0.31157407407407406 0.07083333333333333 0.20833333333333334
0 0.23854166666666668 0.38564814814814813 0.153125 0.09722222222222222
1 0.3104166666666667 0.8717592592592592 0.096875 0.18611111111111112
0 0.190625 0.8013888888888889 0.03125 0.07685185185185185
2 0.13385416666666666 0.8166666666666667 0.07708333333333334 0.17407407407407408
