0 0.2674479166666667 0.7657407407407407 0.1109375 0.10185185185185185
2 0.15885416666666666 0.6898148148148148 0.059375 0.1574074074074074
0 0.24765625 0.6148148148148148 0.1140625 0.09259259259259259
0 0.20651041666666667 0.5300925925925926 0.04635416666666667 0.23425925925925925
0 0.2671875 0.5254629629629629 0.04791666666666667 0.1787037037037037
2 0.2109375 0.19490740740740742 0.07291666666666667 0.19722222222222222
0 0.42083333333333334 0.5884259259259259 0.07916666666666666 0.19166666666666668
0 0.41432291666666665 0.49398148148148147 0.1484375 0.09907407407407408
0 0.5565104166666667 0.40324074074074073 0.04010416666666667 0.06018518518518518
0 0.5630208333333333 0.3162037037037037 0.1125 0.20833333333333334
1 0.63828125 0.9106481481481481 0.05364583333333333 0.1787037037037037
0 0.7268229166666667 0.8398148148148148 0.11510416666666666 0.12037037037037036
0 0.7096354166666666 0.7324074074074074 0.06302083333333333 0.24814814814814815
0 0.8270833333333333 0.7324074074074074 0.07083333333333333 0.1685185185185185
0 0.77421875 0.6861111111111111 0.04635416666666667 0.16111111111111112
1 0.8713541666666667 0.6893518518518519 0.07083333333333333 0.20833333333333334
0 0.7619791666666667 0.6152777777777778 0.153125 0.09722222222222222
1 0.6901041666666666 0.12916666666666668 0.096875 0.18611111111111112
0 0.8098958333333334 0.19953703703703704 0.03125 0.07685185185185185
2 0.8666666666666667 0.18425925925925926 0.07708333333333334 0.17407407407407408
