0 0.35078125 0.08472222222222223 0.0578125 0.19722222222222222
2 0.3953125 -0.10787037037037037 0.08645833333333333 0.10833333333333334
0 0.48411458333333335 -0.025 0.13177083333333334 0.08148148148148149
0 0.4375 0.04490740740740741 0.052083333333333336 0.20833333333333334
0 0.48828125 0.08287037037037037 0.10260416666666666 0.08611111111111111
2 0.6684895833333333 -0.022685185185185187 0.10572916666666667 0.14537037037037037
0 0.45026041666666666 0.35648148148148145 0.1078125 0.1425925925925926
0 0.50546875 0.350462962962963 0.05260416666666667 0.2638888888888889
0 0.5557291666666667 0.5972222222222222 0.035416666666666666 0.06851851851851852
0 0.6065104166666667 0.6055555555555555 0.11510416666666666 0.1962962962962963
1 0.27421875 0.7328703703703704 0.09427083333333333 0.11018518518518519
0 0.31171875 0.9050925925925926 0.06822916666666666 0.20833333333333334
0 0.37109375 0.8717592592592592 0.14010416666666667 0.11388888888888889
0 0.3958333333333333 0.9837962962962963 0.08958333333333333 0.08425925925925926
0 0.3671875 1.076851851851852 0.09375 0.12037037037037036
1 0.38958333333333334 1.15 0.13125 0.11666666666666667
0 0.4361979166666667 0.9606481481481481 0.05364583333333333 0.26944444444444443
1 0.709375 0.8078703703703703 0.10625 0.225
0 0.66796875 1.0467592592592592 0.0453125 0.05648148148148148
2 0.6778645833333333 1.1421296296296297 0.0953125 0.1361111111111111
