0 0.7341145833333333 0.23564814814814813 0.1109375 0.10277777777777777
2 0.8424479166666666 0.3148148148148148 0.0609375 0.1537037037037037
0 0.7958333333333333 0.4726851851851852 0.04583333333333333 0.23425925925925925
0 0.7565104166666666 0.38981481481481484 0.1171875 0.09259259259259259
0 0.73515625 0.48009259259259257 0.0484375 0.1824074074074074
2 0.79453125 0.8004629629629629 0.08177083333333333 0.18796296296296297
0 0.58125 0.4125 0.08020833333333334 0.19166666666666668
0 0.5846354166666666 0.5106481481481482 0.1484375 0.09351851851851851
0 0.44583333333333336 0.6 0.03854166666666667 0.06296296296296296
0 0.44114583333333335 0.6902777777777778 0.11041666666666666 0.20462962962962963
1 0.36953125 0.09953703703703703 0.06197916666666667 0.1675925925925926
0 0.27265625 0.16620370370370371 0.1171875 0.12129629629629629
0 0.29140625 0.27175925925925926 0.0640625 0.2490740740740741
0 0.22838541666666667 0.31574074074074077 0.04739583333333333 0.15925925925925927
0 0.17604166666666668 0.26481481481481484 0.06770833333333333 0.16666666666666666
1 0.13489583333333333 0.30462962962962964 0.065625 0.23333333333333334
0 0.24140625 0.3875 0.1515625 0.09537037037037037
1 0.32734375 0.8731481481481481 0.1265625 0.18888888888888888
0 0.19296875 0.799537037037037 0.03177083333333333 0.08055555555555556
2 0.13932291666666666 0.8171296296296297 0.0765625 0.16944444444444445
