0 0.3541666666666667 0.9273148148148148 0.057291666666666664 0.19722222222222222
2 0.3971354166666667 1.1245370370370371 0.09010416666666667 0.11388888888888889
0 0.43984375 0.9629629629629629 0.05677083333333333 0.21481481481481482
0 0.48723958333333334 1.0393518518518519 0.13385416666666666 0.0824074074074074
0 0.48932291666666666 0.9305555555555556 0.10052083333333334 0.09259259259259259
2 0.6752604166666667 1.0296296296296297 0.1109375 0.13518518518518519
0 0.4544270833333333 0.6583333333333333 0.10677083333333333 0.1425925925925926
0 0.50703125 0.6680555555555555 0.05364583333333333 0.2675925925925926
0 0.5559895833333334 0.4134259259259259 0.030729166666666665 0.06944444444444445
0 0.609375 0.4060185185185185 0.11770833333333333 0.19907407407407407
1 0.2765625 0.2875 0.09479166666666666 0.125
0 0.31302083333333336 0.11064814814814815 0.06875 0.2101851851851852
0 0.3729166666666667 0.14166666666666666 0.13854166666666667 0.11851851851851852
0 0.396875 0.027777777777777776 0.09166666666666666 0.08518518518518518
0 0.37135416666666665 -0.06944444444444445 0.096875 0.12962962962962962
0 0.44036458333333334 0.052314814814814814 0.059895833333333336 0.275
1 0.38619791666666664 -0.1287037037037037 0.1359375 0.09814814814814815
1 0.71953125 0.1884259259259259 0.12239583333333333 0.20833333333333334
0 0.6703125 -0.037037037037037035 0.046875 0.05925925925925926
2 0.68125 -0.13333333333333333 0.09895833333333333 0.14629629629629629
