0 0.26015625 0.24166666666666667 0.1109375 0.10185185185185185
2 0.14921875 0.31805555555555554 0.0640625 0.16018518518518518
0 0.24010416666666667 0.3939814814814815 0.12083333333333333 0.10092592592592593
0 0.19713541666666667 0.47824074074074074 0.04635416666666667 0.23796296296296296
0 0.25833333333333336 0.48194444444444445 0.052083333333333336 0.1787037037037037
2 0.20260416666666667 0.8125 0.07604166666666666 0.19722222222222222
0 0.4114583333333333 0.4199074074074074 0.08020833333333334 0.18981481481481483
0 0.40598958333333335 0.513425925925926 0.15052083333333333 0.09537037037037037
0 0.54921875 0.600462962962963 0.0390625 0.05462962962962963
0 0.5533854166666666 0.6953703703703704 0.11197916666666667 0.20925925925925926
1 0.6197916666666666 0.1037037037037037 0.06979166666666667 0.1685185185185185
0 0.71953125 0.1685185185185185 0.11822916666666666 0.12222222222222222
0 0.7020833333333333 0.275 0.06666666666666667 0.2462962962962963
0 0.7661458333333333 0.3175925925925926 0.04791666666666667 0.16296296296296298
0 0.8208333333333333 0.2722222222222222 0.07291666666666667 0.17222222222222222
0 0.75234375 0.39490740740740743 0.1546875 0.10648148148148148
1 0.8541666666666666 0.2986111111111111 0.05520833333333333 0.24166666666666667
1 0.67578125 0.8912037037037037 0.1171875 0.2175925925925926
0 0.8026041666666667 0.8037037037037037 0.03333333333333333 0.08333333333333333
2 0.8567708333333334 0.8231481481481482 0.08229166666666667 0.17592592592592593
