0 0.6453125 0.9273148148148148 0.057291666666666664 0.19722222222222222
2 0.60234375 1.1245370370370371 0.09010416666666667 0.11388888888888889
0 0.5596354166666667 0.9629629629629629 0.05677083333333333 0.21481481481481482
0 0.5122395833333333 1.0393518518518519 0.13385416666666666 0.0824074074074074
0 0.51015625 0.9305555555555556 0.10052083333333334 0.09259259259259259
2 0.32421875 1.0296296296296297 0.1109375 0.13518518518518519
0 0.5450520833333333 0.6583333333333333 0.10677083333333333 0.1425925925925926
0 0.49244791666666665 0.6680555555555555 0.05364583333333333 0.2675925925925926
0 0.4434895833333333 0.4134259259259259 0.030729166666666665 0.06944444444444445
0 0.39010416666666664 0.4060185185185185 0.11770833333333333 0.19907407407407407
1 0.7229166666666667 0.287962962962963 0.09479166666666666 0.12407407407407407
0 0.6864583333333333 0.11064814814814815 0.06875 0.2101851851851852
0 0.6265625 0.14166666666666666 0.13854166666666667 0.11851851851851852
0 0.6026041666666667 0.027777777777777776 0.09166666666666666 0.08518518518518518
0 0.628125 -0.06944444444444445 0.096875 0.12962962962962962
0 0.5591145833333333 0.052314814814814814 0.059895833333333336 0.275
1 0.61328125 -0.1287037037037037 0.1359375 0.09814814814814815
1 0.2799479166666667 0.18796296296296297 0.12239583333333333 0.20925925925925926
0 0.32916666666666666 -0.037037037037037035 0.046875 0.05925925925925926
2 0.3182291666666667 -0.13333333333333333 0.09895833333333333 0.14629629629629629
