0 0.7434895833333334 0.2324074074074074 0.1109375 0.1037037037037037
2 0.8515625 0.3125 0.06145833333333333 0.15833333333333333
0 0.7630208333333334 0.38796296296296295 0.121875 0.0962962962962963
0 0.8057291666666667 0.4703703703703704 0.04791666666666667 0.2351851851851852
0 0.74375 0.48194444444444445 0.05 0.18611111111111112
2 0.79765625 0.8 0.0765625 0.18518518518518517
1 0.5893229166666667 0.4148148148148148 0.0796875 0.19074074074074074
0 0.5927083333333333 0.5101851851851852 0.14791666666666667 0.0962962962962963
0 0.45208333333333334 0.5953703703703703 0.041666666666666664 0.06296296296296296
0 0.4479166666666667 0.687962962962963 0.11354166666666667 0.20925925925925926
1 0.38567708333333334 0.10601851851851851 0.07864583333333333 0.16203703703703703
0 0.28020833333333334 0.16712962962962963 0.12083333333333333 0.12685185185185185
0 0.2989583333333333 0.27037037037037037 0.06770833333333333 0.25
0 0.18098958333333334 0.2662037037037037 0.0703125 0.17314814814814813
0 0.23515625 0.31342592592592594 0.0484375 0.15833333333333333
0 0.24921875 0.3888888888888889 0.15260416666666668 0.10555555555555556
1 0.146875 0.28703703703703703 0.05625 0.22592592592592592
1 0.32578125 0.8898148148148148 0.11197916666666667 0.22037037037037038
0 0.20104166666666667 0.7921296296296296 0.034375 0.09166666666666666
2 0.14453125 0.8180555555555555 0.08072916666666667 0.1787037037037037
