0 0.3489583333333333 0.06805555555555555 0.058333333333333334 0.19722222222222222
2 0.39401041666666664 -0.12407407407407407 0.0890625 0.10925925925925926
0 0.43645833333333334 0.03333333333333333 0.05416666666666667 0.21666666666666667
0 0.4828125 -0.04259259259259259 0.13229166666666667 0.08518518518518518
0 0.48932291666666666 0.06759259259259259 0.1046875 0.08888888888888889
2 0.6682291666666667 -0.02824074074074074 0.10416666666666667 0.1361111111111111
1 0.4515625 0.3421296296296296 0.10729166666666666 0.14166666666666666
0 0.5052083333333334 0.33611111111111114 0.05416666666666667 0.26296296296296295
0 0.553125 0.5861111111111111 0.035416666666666666 0.07407407407407407
0 0.6052083333333333 0.5935185185185186 0.11770833333333333 0.20185185185185187
1 0.27786458333333336 0.7041666666666667 0.09114583333333333 0.1398148148148148
0 0.31223958333333335 0.8916666666666667 0.07135416666666666 0.21481481481481482
0 0.3703125 0.8583333333333333 0.140625 0.12037037037037036
0 0.36796875 1.0680555555555555 0.09739583333333333 0.125
0 0.39453125 0.9717592592592592 0.0890625 0.08611111111111111
0 0.43697916666666664 0.9467592592592593 0.059375 0.2712962962962963
1 0.3796875 1.1287037037037038 0.12708333333333333 0.1
1 0.71875 0.8106481481481481 0.12395833333333334 0.19907407407407407
0 0.6638020833333333 1.0324074074074074 0.0515625 0.06111111111111111
2 0.6783854166666666 1.1328703703703704 0.10052083333333334 0.14351851851851852
