0 0.25703125 0.7685185185185185 0.1109375 0.1037037037037037
2 0.14895833333333333 0.6884259259259259 0.06145833333333333 0.15833333333333333
0 0.2375 0.6129629629629629 0.121875 0.0962962962962963
0 0.19479166666666667 0.5305555555555556 0.04791666666666667 0.2351851851851852
0 0.25677083333333334 0.5189814814814815 0.05 0.18611111111111112
2 0.20286458333333332 0.20092592592592592 0.0765625 0.18518518518518517
1 0.41119791666666666 0.5861111111111111 0.0796875 0.19074074074074074
0 0.4078125 0.49074074074074076 0.14791666666666667 0.0962962962962963
0 0.5484375 0.40555555555555556 0.041666666666666664 0.06296296296296296
0 0.5526041666666667 0.31296296296296294 0.11354166666666667 0.20925925925925926
1 0.61484375 0.8949074074074074 0.07864583333333333 0.16203703703703703
0 0.7203125 0.8337962962962963 0.12083333333333333 0.12685185185185185
0 0.7015625 0.7305555555555555 0.06770833333333333 0.25
0 0.81953125 0.7347222222222223 0.0703125 0.17314814814814813
0 0.7653645833333333 0.6875 0.0484375 0.15833333333333333
0 0.7513020833333334 0.612037037037037 0.15260416666666668 0.10555555555555556
1 0.8536458333333333 0.7138888888888889 0.05625 0.22592592592592592
1 0.6747395833333333 0.1111111111111111 0.11197916666666667 0.22037037037037038
0 0.7994791666666666 0.20879629629629629 0.034375 0.09166666666666666
2 0.8559895833333333 0.18287037037037038 0.08072916666666667 0.1787037037037037
