0 0.3489583333333333 0.9328703703703703 0.058333333333333334 0.19722222222222222
2 0.39401041666666664 1.125 0.0890625 0.10925925925925926
0 0.43645833333333334 0.9675925925925926 0.05416666666666667 0.21666666666666667
0 0.4828125 1.0435185185185185 0.13229166666666667 0.08518518518518518
0 0.48932291666666666 0.9333333333333333 0.1046875 0.08888888888888889
2 0.6682291666666667 1.0291666666666666 0.10416666666666667 0.1361111111111111
1 0.4515625 0.6587962962962963 0.10729166666666666 0.14166666666666666
0 0.5052083333333334 0.6648148148148149 0.05416666666666667 0.26296296296296295
0 0.553125 0.4148148148148148 0.035416666666666666 0.07407407407407407
0 0.6052083333333333 0.4074074074074074 0.11770833333333333 0.20185185185185187
1 0.27786458333333336 0.2962962962962963 0.09114583333333333 0.14074074074074075
0 0.31223958333333335 0.10925925925925926 0.07135416666666666 0.21481481481481482
0 0.3703125 0.1425925925925926 0.140625 0.12037037037037036
0 0.36796875 -0.06712962962962964 0.09739583333333333 0.125
0 0.39453125 0.029166666666666667 0.0890625 0.08611111111111111
0 0.43697916666666664 0.05416666666666667 0.059375 0.2712962962962963
1 0.3796875 -0.12777777777777777 0.12708333333333333 0.1
1 0.71875 0.19027777777777777 0.12395833333333334 0.19907407407407407
0 0.6638020833333333 -0.03148148148148148 0.0515625 0.06111111111111111
2 0.6783854166666666 -0.13194444444444445 0.10052083333333334 0.14351851851851852
