0 0.6505208333333333 0.9328703703703703 0.058333333333333334 0.19722222222222222
2 0.60546875 1.125 0.0890625 0.10925925925925926
0 0.5630208333333333 0.9675925925925926 0.05416666666666667 0.21666666666666667
0 0.5166666666666667 1.0435185185185185 0.13229166666666667 0.08518518518518518
0 0.51015625 0.9333333333333333 0.1046875 0.08888888888888889
2 0.33125 1.0291666666666666 0.10416666666666667 0.1361111111111111
1 0.5479166666666667 0.6587962962962963 0.10729166666666666 0.14166666666666666
0 0.4942708333333333 0.6648148148148149 0.05416666666666667 0.26296296296296295
0 0.44635416666666666 0.4148148148148148 0.035416666666666666 0.07407407407407407
0 0.39427083333333335 0.4074074074074074 0.11770833333333333 0.20185185185185187
1 0.7216145833333333 0.2967592592592593 0.09114583333333333 0.1398148148148148
0 0.6872395833333333 0.10925925925925926 0.07135416666666666 0.21481481481481482
0 0.6291666666666667 0.1425925925925926 0.140625 0.12037037037037036
0 0.6315104166666666 -0.06712962962962964 0.09739583333333333 0.125
0 0.6049479166666667 0.029166666666666667 0.0890625 0.08611111111111111
0 0.5625 0.05416666666666667 0.059375 0.2712962962962963
1 0.6197916666666666 -0.12777777777777777 0.12708333333333333 0.1
1 0.28072916666666664 0.18981481481481483 0.12395833333333334 0.2
0 0.33567708333333335 -0.03148148148148148 0.0515625 0.06111111111111111
2 0.32109375 -0.13194444444444445 0.10052083333333334 0.14351851851851852
