0 0.6481770833333333 0.9300925925925926 0.05677083333333333 0.20092592592592592
1 0.54765625 0.6592592592592592 0.1078125 0.13518518518518519
2 0.60234375 1.1254629629629629 0.0921875 0.11203703703703703
0 0.5614583333333333 0.9689814814814814 0.05416666666666667 0.2101851851851852
0 0.515625 1.037962962962963 0.13333333333333333 0.08888888888888889
0 0.5119791666666667 0.9319444444444445 0.10729166666666666 0.08981481481481482
2 0.32916666666666666 1.0300925925925926 0.10833333333333334 0.13796296296296295
0 0.49453125 0.6666666666666666 0.05364583333333333 0.26481481481481484
0 0.4466145833333333 0.4162037037037037 0.04010416666666667 0.06759259259259259
0 0.3919270833333333 0.40185185185185185 0.11822916666666666 0.2111111111111111
1 0.7190104166666667 0.30324074074074076 0.08697916666666666 0.14907407407407408
1 0.6252604166666667 -0.13194444444444445 0.1265625 0.10277777777777777
1 0.28072916666666664 0.18287037037037038 0.12395833333333334 0.1935185185185185
0 0.6885416666666667 0.10694444444444444 0.06979166666666667 0.2101851851851852
0 0.6296875 -0.06342592592592593 0.09791666666666667 0.12685185185185185
0 0.62890625 0.14444444444444443 0.13802083333333334 0.12222222222222222
0 0.6041666666666666 0.03148148148148148 0.09479166666666666 0.08518518518518518
0 0.5609375 0.050462962962962966 0.06145833333333333 0.2712962962962963
0 0.3307291666666667 -0.03333333333333333 0.04583333333333333 0.05740740740740741
2 0.3184895833333333 -0.1310185185185185 0.10052083333333334 0.14537037037037037
