0 0.25859375 0.23657407407407408 0.11302083333333333 0.10092592592592593
1 0.4109375 0.4152777777777778 0.07604166666666666 0.19166666666666668
2 0.14869791666666668 0.31805555555555554 0.06302083333333333 0.1638888888888889
0 0.23671875 0.3907407407407407 0.11822916666666666 0.0962962962962963
0 0.19791666666666666 0.4722222222222222 0.05 0.23703703703703705
0 0.25755208333333335 0.4787037037037037 0.050520833333333334 0.19074074074074074
2 0.20234375 0.8037037037037037 0.07760416666666667 0.1925925925925926
0 0.40677083333333336 0.5097222222222222 0.14895833333333333 0.09537037037037037
0 0.54765625 0.5949074074074074 0.03802083333333333 0.0712962962962963
0 0.5557291666666667 0.6921296296296297 0.11875 0.2101851851851852
1 0.6111979166666667 0.11064814814814815 0.08385416666666666 0.15462962962962962
1 0.8559895833333333 0.2773148148148148 0.0578125 0.225
1 0.6786458333333333 0.8898148148148148 0.10833333333333334 0.22037037037037038
0 0.7216145833333333 0.1648148148148148 0.11822916666666666 0.12407407407407407
0 0.8174479166666667 0.26944444444444443 0.07135416666666666 0.17407407407407408
0 0.7005208333333334 0.2708333333333333 0.06875 0.24537037037037038
0 0.7640625 0.3148148148148148 0.04791666666666667 0.1685185185185185
0 0.7533854166666667 0.39166666666666666 0.15260416666666668 0.10925925925925926
0 0.8005208333333333 0.8009259259259259 0.03229166666666667 0.08148148148148149
2 0.85546875 0.8226851851851852 0.08177083333333333 0.1787037037037037
