0 0.35130208333333335 0.9300925925925926 0.05677083333333333 0.20092592592592592
1 0.4518229166666667 0.6592592592592592 0.1078125 0.13518518518518519
2 0.3971354166666667 1.1254629629629629 0.0921875 0.11203703703703703
0 0.43802083333333336 0.9689814814814814 0.05416666666666667 0.2101851851851852
0 0.48385416666666664 1.037962962962963 0.13333333333333333 0.08888888888888889
0 0.4875 0.9319444444444445 0.10729166666666666 0.08981481481481482
2 0.6703125 1.0300925925925926 0.10833333333333334 0.13796296296296295
0 0.5049479166666667 0.6666666666666666 0.05364583333333333 0.26481481481481484
0 0.5528645833333333 0.4162037037037037 0.04010416666666667 0.06759259259259259
0 0.6075520833333333 0.40185185185185185 0.11822916666666666 0.2111111111111111
1 0.28046875 0.30277777777777776 0.08697916666666666 0.15
1 0.37421875 -0.13194444444444445 0.1265625 0.10277777777777777
1 0.71875 0.18333333333333332 0.12395833333333334 0.1925925925925926
0 0.3109375 0.10694444444444444 0.06979166666666667 0.2101851851851852
0 0.3697916666666667 -0.06342592592592593 0.09791666666666667 0.12685185185185185
0 0.37057291666666664 0.14444444444444443 0.13802083333333334 0.12222222222222222
0 0.3953125 0.03148148148148148 0.09479166666666666 0.08518518518518518
0 0.43854166666666666 0.050462962962962966 0.06145833333333333 0.2712962962962963
0 0.66875 -0.03333333333333333 0.04583333333333333 0.05740740740740741
2 0.6809895833333334 -0.1310185185185185 0.10052083333333334 0.14537037037037037
