0 0.6510416666666666 0.9222222222222223 0.05625 0.19814814814814816
2 0.6052083333333333 1.1180555555555556 0.090625 0.11203703703703703
0 0.5622395833333333 0.962037037037037 0.0546875 0.21296296296296297
0 0.5166666666666667 1.0333333333333334 0.13541666666666666 0.08888888888888889
0 0.5127604166666667 0.9263888888888889 0.10260416666666666 0.08796296296296297
2 0.3302083333333333 1.0291666666666666 0.10416666666666667 0.13796296296296295
0 0.55078125 0.6541666666666667 0.10260416666666666 0.14351851851851852
0 0.49583333333333335 0.6620370370370371 0.05625 0.26851851851851855
0 0.4466145833333333 0.4083333333333333 0.034895833333333334 0.06666666666666667
0 0.39348958333333334 0.4023148148148148 0.11510416666666666 0.20092592592592592
0 0.7205729166666667 0.300462962962963 0.0890625 0.15462962962962962
0 0.6880208333333333 0.10694444444444444 0.071875 0.21203703703703702
0 0.6270833333333333 0.14027777777777778 0.1375 0.12129629629629629
0 0.63125 -0.06851851851851852 0.09479166666666666 0.12777777777777777
0 0.6036458333333333 0.025 0.09375 0.08888888888888889
0 0.5627604166666667 0.04953703703703704 0.05572916666666667 0.2675925925925926
1 0.6270833333333333 -0.13703703703703704 0.13645833333333332 0.1111111111111111
1 0.28125 0.19027777777777777 0.125 0.2064814814814815
0 0.33515625 -0.0375 0.05260416666666667 0.05462962962962963
2 0.32265625 -0.13564814814814816 0.1015625 0.14166666666666666
