0 0.2630208333333333 0.7694444444444445 0.11145833333333334 0.1
2 0.15286458333333333 0.687962962962963 0.06302083333333333 0.16111111111111112
0 0.240625 0.611574074074074 0.11979166666666667 0.09722222222222222
0 0.20052083333333334 0.5305555555555556 0.05 0.24074074074074073
0 0.26067708333333334 0.5236111111111111 0.049479166666666664 0.1824074074074074
2 0.20286458333333332 0.19907407407407407 0.07760416666666667 0.18518518518518517
0 0.41380208333333335 0.5912037037037037 0.08072916666666667 0.1824074074074074
0 0.409375 0.4935185185185185 0.15104166666666666 0.1
0 0.5520833333333334 0.4060185185185185 0.0375 0.062037037037037036
0 0.55546875 0.31157407407407406 0.11302083333333333 0.20462962962962963
0 0.6127604166666667 0.8930555555555556 0.08697916666666666 0.15833333333333333
0 0.7216145833333333 0.8351851851851851 0.11927083333333334 0.12777777777777777
0 0.7028645833333333 0.7268518518518519 0.06822916666666666 0.24444444444444444
0 0.8203125 0.7342592592592593 0.071875 0.1685185185185185
0 0.7677083333333333 0.6851851851851852 0.05 0.16666666666666666
0 0.75390625 0.6125 0.15052083333333333 0.09907407407407408
1 0.8588541666666667 0.7268518518518519 0.0625 0.24259259259259258
1 0.6744791666666666 0.11203703703703703 0.115625 0.2222222222222222
0 0.8028645833333333 0.20787037037037037 0.030729166666666665 0.09351851851851851
2 0.8580729166666666 0.18564814814814815 0.0796875 0.18055555555555555
