0 0.34296875 0.07175925925925926 0.058854166666666666 0.1935185185185185
2 0.3890625 -0.12222222222222222 0.08958333333333333 0.10740740740740741
2 0.6671875 -0.031018518518518518 0.11770833333333333 0.13796296296296295
2 0.6723958333333333 1.1314814814814815 0.09583333333333334 0.1425925925925926
0 0.4296875 0.034722222222222224 0.052083333333333336 0.2101851851851852
0 0.47760416666666666 -0.038425925925925926 0.13229166666666667 0.08796296296296297
0 0.4791666666666667 0.06805555555555555 0.103125 0.08796296296296297
0 0.44192708333333336 0.3402777777777778 0.09947916666666666 0.13425925925925927
0 0.4979166666666667 0.33425925925925926 0.052083333333333336 0.26851851851851855
0 0.5497395833333333 0.5856481481481481 0.0359375 0.07314814814814814
0 0.5986979166666667 0.5958333333333333 0.11510416666666666 0.20092592592592592
1 0.271875 0.6986111111111111 0.08541666666666667 0.15833333333333333
0 0.30364583333333334 0.8935185185185185 0.06979166666666667 0.20555555555555555
0 0.36380208333333336 0.8606481481481482 0.14010416666666667 0.1175925925925926
0 0.3885416666666667 0.9736111111111111 0.09270833333333334 0.08425925925925926
1 0.36171875 1.0643518518518518 0.09635416666666667 0.12314814814814815
1 0.36328125 1.1375 0.1359375 0.11203703703703703
0 0.4315104166666667 0.9486111111111111 0.0578125 0.2712962962962963
1 0.7140625 0.8027777777777778 0.13333333333333333 0.22592592592592592
0 0.6627604166666666 1.0402777777777779 0.044270833333333336 0.05648148148148148
