0 0.2591145833333333 0.7791666666666667 0.10885416666666667 0.10462962962962963
2 0.15 0.6972222222222222 0.06041666666666667 0.15925925925925927
2 0.20130208333333333 0.20277777777777778 0.07760416666666667 0.20925925925925926
2 0.8552083333333333 0.1935185185185185 0.08020833333333334 0.17037037037037037
0 0.23828125 0.625 0.11822916666666666 0.09259259259259259
0 0.19713541666666667 0.5398148148148149 0.049479166666666664 0.2351851851851852
0 0.25703125 0.5370370370370371 0.049479166666666664 0.18333333333333332
0 0.41015625 0.6032407407407407 0.07552083333333333 0.17685185185185184
0 0.40677083333333336 0.5037037037037037 0.15104166666666666 0.09259259259259259
0 0.5481770833333334 0.4115740740740741 0.04114583333333333 0.06388888888888888
0 0.55390625 0.324537037037037 0.11302083333333333 0.20462962962962963
1 0.61171875 0.9055555555555556 0.0890625 0.15185185185185185
0 0.7213541666666666 0.8490740740740741 0.115625 0.12407407407407407
0 0.7028645833333333 0.7421296296296296 0.06614583333333333 0.2490740740740741
0 0.76640625 0.6981481481481482 0.04739583333333333 0.1648148148148148
1 0.8174479166666667 0.7458333333333333 0.06927083333333334 0.1712962962962963
1 0.85859375 0.7430555555555556 0.06302083333333333 0.24166666666666667
0 0.75234375 0.6217592592592592 0.15260416666666668 0.10277777777777777
1 0.6703125 0.11944444444444445 0.12708333333333333 0.23703703703703705
0 0.80390625 0.21064814814814814 0.03177083333333333 0.0787037037037037
