0 0.3419270833333333 0.06805555555555555 0.0578125 0.19537037037037036
2 0.3890625 -0.12638888888888888 0.09166666666666666 0.11018518518518519
0 0.42864583333333334 0.03009259259259259 0.05416666666666667 0.21203703703703702
0 0.4744791666666667 -0.04490740740740741 0.13333333333333333 0.0824074074074074
0 0.47890625 0.06527777777777778 0.10260416666666666 0.09166666666666666
2 0.6708333333333333 -0.033796296296296297 0.12291666666666666 0.13240740740740742
0 0.44088541666666664 0.3398148148148148 0.10052083333333334 0.14444444444444443
0 0.496875 0.3314814814814815 0.05416666666666667 0.26296296296296295
0 0.5481770833333334 0.586574074074074 0.0359375 0.07685185185185185
0 0.5989583333333334 0.5930555555555556 0.115625 0.19907407407407407
1 0.2669270833333333 0.7055555555555556 0.0953125 0.12777777777777777
0 0.30494791666666665 0.8888888888888888 0.06927083333333334 0.2074074074074074
1 0.3645833333333333 1.125 0.1375 0.10555555555555556
0 0.3625 1.0671296296296295 0.09479166666666666 0.13055555555555556
0 0.3619791666666667 0.8560185185185185 0.13958333333333334 0.11574074074074074
0 0.38958333333333334 0.9699074074074074 0.090625 0.08425925925925926
0 0.4317708333333333 0.9449074074074074 0.057291666666666664 0.26944444444444443
1 0.7145833333333333 0.787962962962963 0.13125 0.23148148148148148
0 0.6611979166666667 1.026851851851852 0.0453125 0.05740740740740741
2 0.67265625 1.125 0.09739583333333333 0.1388888888888889
