0 0.6575520833333334 0.9328703703703703 0.0578125 0.19537037037037036
2 0.6104166666666667 1.1273148148148149 0.09166666666666666 0.11018518518518519
0 0.5708333333333333 0.9708333333333333 0.05416666666666667 0.21203703703703702
0 0.525 1.0458333333333334 0.13333333333333333 0.0824074074074074
0 0.5205729166666667 0.9356481481481481 0.10260416666666666 0.09166666666666666
2 0.32864583333333336 1.0347222222222223 0.12291666666666666 0.13240740740740742
0 0.55859375 0.6611111111111111 0.10052083333333334 0.14444444444444443
0 0.5026041666666666 0.6694444444444444 0.05416666666666667 0.26296296296296295
0 0.4513020833333333 0.41435185185185186 0.0359375 0.07685185185185185
0 0.4005208333333333 0.4078703703703704 0.115625 0.19907407407407407
1 0.7325520833333333 0.2953703703703704 0.0953125 0.12777777777777777
0 0.69453125 0.11203703703703703 0.06927083333333334 0.2074074074074074
1 0.6348958333333333 -0.12407407407407407 0.1375 0.10555555555555556
0 0.6369791666666667 -0.06620370370370371 0.09479166666666666 0.13055555555555556
0 0.6375 0.1449074074074074 0.13958333333333334 0.11574074074074074
0 0.6098958333333333 0.031018518518518518 0.090625 0.08425925925925926
0 0.5677083333333334 0.056018518518518516 0.057291666666666664 0.26944444444444443
1 0.28489583333333335 0.2125 0.13125 0.2324074074074074
0 0.33828125 -0.025925925925925925 0.0453125 0.05740740740740741
2 0.3268229166666667 -0.12407407407407407 0.09739583333333333 0.1388888888888889
