0 0.7434895833333334 0.2199074074074074 0.10989583333333333 0.10277777777777777
2 0.8528645833333334 0.3037037037037037 0.06197916666666667 0.16296296296296298
0 0.76484375 0.37407407407407406 0.11927083333333334 0.0962962962962963
0 0.80703125 0.45555555555555555 0.04635416666666667 0.23703703703703705
0 0.7450520833333333 0.4634259259259259 0.0515625 0.1824074074074074
2 0.80078125 0.8046296296296296 0.07447916666666667 0.21851851851851853
0 0.590625 0.3958333333333333 0.08125 0.1787037037037037
0 0.5953125 0.49537037037037035 0.14791666666666667 0.0962962962962963
0 0.4518229166666667 0.586574074074074 0.043229166666666666 0.06388888888888888
0 0.44817708333333334 0.6768518518518518 0.11197916666666667 0.20555555555555555
1 0.3848958333333333 0.08657407407407407 0.071875 0.16944444444444445
0 0.28177083333333336 0.15416666666666667 0.11666666666666667 0.12314814814814815
1 0.14895833333333333 0.2601851851851852 0.059375 0.24444444444444444
0 0.18151041666666667 0.2564814814814815 0.0734375 0.1685185185185185
0 0.30026041666666664 0.25555555555555554 0.06510416666666667 0.24814814814814815
0 0.23619791666666667 0.30462962962962964 0.04739583333333333 0.16111111111111112
0 0.25026041666666665 0.37962962962962965 0.1515625 0.10185185185185185
1 0.3385416666666667 0.8824074074074074 0.13020833333333334 0.23333333333333334
0 0.20416666666666666 0.7875 0.03229166666666667 0.08055555555555556
2 0.14895833333333333 0.8078703703703703 0.078125 0.17314814814814813
