0 0.25703125 0.7810185185185186 0.10989583333333333 0.10277777777777777
2 0.14765625 0.6972222222222222 0.06197916666666667 0.16296296296296298
0 0.23567708333333334 0.6268518518518519 0.11927083333333334 0.0962962962962963
0 0.19348958333333333 0.5453703703703704 0.04635416666666667 0.23703703703703705
0 0.25546875 0.5375 0.0515625 0.1824074074074074
2 0.19973958333333333 0.1962962962962963 0.07447916666666667 0.21851851851851853
0 0.40989583333333335 0.6050925925925926 0.08125 0.1787037037037037
0 0.40520833333333334 0.5055555555555555 0.14791666666666667 0.0962962962962963
0 0.5486979166666667 0.41435185185185186 0.043229166666666666 0.06388888888888888
0 0.55234375 0.32407407407407407 0.11197916666666667 0.20555555555555555
1 0.615625 0.9143518518518519 0.071875 0.16944444444444445
0 0.71875 0.8467592592592592 0.11666666666666667 0.12314814814814815
1 0.8515625 0.7407407407407407 0.059375 0.24444444444444444
0 0.8190104166666666 0.7444444444444445 0.0734375 0.1685185185185185
0 0.7002604166666667 0.7453703703703703 0.06510416666666667 0.24814814814814815
0 0.7643229166666666 0.6962962962962963 0.04739583333333333 0.16111111111111112
0 0.7502604166666667 0.6212962962962963 0.1515625 0.10185185185185185
1 0.6619791666666667 0.11851851851851852 0.13020833333333334 0.23333333333333334
0 0.7963541666666667 0.21342592592592594 0.03229166666666667 0.08055555555555556
2 0.8515625 0.19305555555555556 0.078125 0.17314814814814813
