1 0.4484375 0.3287037037037037 0.10104166666666667 0.13518518518518519
0 0.3497395833333333 0.06574074074074074 0.05572916666666667 0.15555555555555556
2 0.39869791666666665 -0.1162037037037037 0.08802083333333334 0.11203703703703703
2 0.659375 -0.01898148148148148 0.121875 0.11388888888888889
0 0.43333333333333335 0.034722222222222224 0.04895833333333333 0.20833333333333334
0 0.4890625 -0.024537037037037038 0.09375 0.08611111111111111
0 0.4796875 0.07546296296296297 0.09375 0.08055555555555556
0 0.49713541666666666 0.3277777777777778 0.05572916666666667 0.24814814814814815
1 0.5333333333333333 0.549537037037037 0.07604166666666666 0.08425925925925926
0 0.59375 0.5643518518518519 0.10625 0.18055555555555555
0 0.6260416666666667 0.6342592592592593 0.03854166666666667 0.046296296296296294
1 0.6401041666666667 0.7560185185185185 0.029166666666666667 0.10462962962962963
1 0.71875 0.8930555555555556 0.071875 0.14166666666666666
0 0.6609375 1.0629629629629629 0.09895833333333333 0.12222222222222222
1 0.465625 1.0953703703703703 0.07708333333333334 0.13703703703703704
1 0.30494791666666665 0.7148148148148148 0.10885416666666667 0.07777777777777778
1 0.3171875 0.8546296296296296 0.06458333333333334 0.19814814814814816
0 0.37447916666666664 0.8240740740740741 0.13229166666666667 0.1037037037037037
1 0.37473958333333335 1.0337962962962963 0.09947916666666666 0.14537037037037037
0 0.39895833333333336 0.9310185185185185 0.08645833333333333 0.0824074074074074
0 0.43671875 0.9032407407407408 0.0484375 0.24722222222222223
