1 0.4036458333333333 0.5916666666666667 0.07604166666666666 0.17962962962962964
0 0.2557291666666667 0.7671296296296296 0.0875 0.09907407407407408
2 0.15338541666666666 0.6800925925925926 0.06302083333333333 0.15648148148148147
2 0.20807291666666666 0.21666666666666667 0.0640625 0.21666666666666667
0 0.23828125 0.6185185185185185 0.1171875 0.08703703703703704
0 0.20494791666666667 0.5194444444444445 0.0484375 0.16666666666666666
0 0.26119791666666664 0.5361111111111111 0.0453125 0.16666666666666666
0 0.403125 0.5050925925925925 0.13958333333333334 0.09907407407407408
1 0.5278645833333333 0.44074074074074077 0.04739583333333333 0.13518518518518519
0 0.5361979166666667 0.3333333333333333 0.1015625 0.18888888888888888
0 0.5755208333333334 0.2759259259259259 0.026041666666666668 0.06851851851851852
1 0.6440104166666667 0.25092592592592594 0.058854166666666666 0.05185185185185185
1 0.72109375 0.1111111111111111 0.0796875 0.12777777777777777
0 0.8166666666666667 0.21388888888888888 0.06875 0.17592592592592593
1 0.8348958333333333 0.5611111111111111 0.07708333333333334 0.13703703703703704
1 0.6208333333333333 0.8467592592592592 0.04375 0.1935185185185185
1 0.6994791666666667 0.825 0.11145833333333334 0.11481481481481481
0 0.6822916666666666 0.7231481481481481 0.058333333333333334 0.2351851851851852
1 0.8002604166666667 0.7226851851851852 0.08177083333333333 0.17685185185185184
0 0.7424479166666667 0.6796296296296296 0.04635416666666667 0.1537037037037037
0 0.7268229166666667 0.6125 0.1390625 0.08611111111111111
