1 0.596875 0.40925925925925927 0.07604166666666666 0.17962962962962964
0 0.7447916666666666 0.2337962962962963 0.0875 0.09907407407407408
2 0.8471354166666667 0.32083333333333336 0.06302083333333333 0.15648148148148147
2 0.7924479166666667 0.7842592592592592 0.0640625 0.21666666666666667
0 0.7622395833333333 0.3824074074074074 0.1171875 0.08703703703703704
0 0.7955729166666666 0.48148148148148145 0.0484375 0.16666666666666666
0 0.7393229166666667 0.4648148148148148 0.0453125 0.16666666666666666
0 0.5973958333333333 0.49583333333333335 0.13958333333333334 0.09907407407407408
1 0.47265625 0.5601851851851852 0.04739583333333333 0.13518518518518519
0 0.46432291666666664 0.6675925925925926 0.1015625 0.18888888888888888
0 0.425 0.725 0.026041666666666668 0.06851851851851852
1 0.35651041666666666 0.75 0.058854166666666666 0.05185185185185185
1 0.2794270833333333 0.8898148148148148 0.0796875 0.12777777777777777
0 0.18385416666666668 0.7870370370370371 0.06875 0.17592592592592593
1 0.165625 0.4398148148148148 0.07708333333333334 0.13703703703703704
1 0.3796875 0.15416666666666667 0.04375 0.1935185185185185
1 0.30104166666666665 0.17592592592592593 0.11145833333333334 0.11481481481481481
0 0.3182291666666667 0.2777777777777778 0.058333333333333334 0.2351851851851852
1 0.20026041666666666 0.27824074074074073 0.08177083333333333 0.17685185185185184
0 0.25807291666666665 0.3212962962962963 0.04635416666666667 0.1537037037037037
0 0.27369791666666665 0.38842592592592595 0.1390625 0.08611111111111111
