1 0.4484375 0.6722222222222223 0.10104166666666667 0.13518518518518519
0 0.3497395833333333 0.9351851851851852 0.05572916666666667 0.15555555555555556
2 0.39869791666666665 1.1171296296296296 0.08802083333333334 0.11203703703703703
2 0.659375 1.0199074074074075 0.121875 0.11388888888888889
0 0.43333333333333335 0.9662037037037037 0.04895833333333333 0.20833333333333334
0 0.4890625 1.025462962962963 0.09375 0.08611111111111111
0 0.4796875 0.9254629629629629 0.09375 0.08055555555555556
0 0.49713541666666666 0.6731481481481482 0.05572916666666667 0.24814814814814815
1 0.5333333333333333 0.4513888888888889 0.07604166666666666 0.08425925925925926
0 0.59375 0.43657407407407406 0.10625 0.18055555555555555
0 0.6260416666666667 0.36666666666666664 0.03854166666666667 0.046296296296296294
1 0.6401041666666667 0.2449074074074074 0.029166666666666667 0.10462962962962963
1 0.71875 0.10787037037037037 0.071875 0.14166666666666666
0 0.6609375 -0.062037037037037036 0.09895833333333333 0.12222222222222222
1 0.465625 -0.09444444444444444 0.07708333333333334 0.13703703703703704
1 0.30494791666666665 0.28564814814814815 0.10885416666666667 0.0787037037037037
1 0.3171875 0.14629629629629629 0.06458333333333334 0.19814814814814816
0 0.37447916666666664 0.17685185185185184 0.13229166666666667 0.1037037037037037
1 0.37473958333333335 -0.03287037037037037 0.09947916666666666 0.14537037037037037
0 0.39895833333333336 0.0699074074074074 0.08645833333333333 0.0824074074074074
0 0.43671875 0.09768518518518518 0.0484375 0.24722222222222223
