1 0.58984375 0.39166666666666666 0.07760416666666667 0.17592592592592593
0 0.7424479166666667 0.2175925925925926 0.10677083333333333 0.10555555555555556
2 0.8510416666666667 0.30416666666666664 0.06354166666666666 0.16944444444444445
0 0.76328125 0.37407407407407406 0.11510416666666666 0.09259259259259259
0 0.7427083333333333 0.46111111111111114 0.052083333333333336 0.17962962962962964
0 0.8028645833333333 0.4513888888888889 0.05364583333333333 0.23425925925925925
1 0.8049479166666667 0.7981481481481482 0.08802083333333334 0.21851851851851853
0 0.5927083333333333 0.49444444444444446 0.146875 0.09444444444444444
0 0.45286458333333335 0.5833333333333334 0.03802083333333333 0.06296296296296296
0 0.4471354166666667 0.6731481481481482 0.11510416666666666 0.20925925925925926
1 0.3765625 0.08564814814814815 0.059375 0.1675925925925926
1 0.15234375 0.25555555555555554 0.04635416666666667 0.24259259259259258
1 0.32447916666666665 0.8773148148148148 0.109375 0.23055555555555557
0 0.28229166666666666 0.15 0.11875 0.1259259259259259
0 0.18411458333333333 0.25324074074074077 0.0703125 0.16944444444444445
0 0.30104166666666665 0.25462962962962965 0.06666666666666667 0.25
0 0.23567708333333334 0.30092592592592593 0.0484375 0.1685185185185185
0 0.25 0.37453703703703706 0.14895833333333333 0.10462962962962963
0 0.20234375 0.7796296296296297 0.030729166666666665 0.08888888888888889
2 0.14869791666666668 0.8013888888888889 0.0796875 0.1712962962962963
