1 0.43854166666666666 0.34120370370370373 0.09895833333333333 0.13796296296296295
0 0.340625 0.0699074074074074 0.059375 0.18981481481481483
2 0.3893229166666667 -0.12314814814814815 0.0953125 0.11296296296296296
0 0.42864583333333334 0.03287037037037037 0.052083333333333336 0.20462962962962963
0 0.47760416666666666 0.06944444444444445 0.10104166666666667 0.09259259259259259
0 0.47213541666666664 -0.0375 0.13177083333333334 0.09537037037037037
1 0.6671875 -0.0412037037037037 0.12291666666666666 0.15648148148148147
0 0.49635416666666665 0.33611111111111114 0.053125 0.2611111111111111
0 0.5463541666666667 0.5847222222222223 0.035416666666666666 0.06759259259259259
0 0.596875 0.5949074074074074 0.11770833333333333 0.20462962962962963
1 0.26640625 0.7203703703703703 0.09427083333333333 0.10555555555555556
1 0.3619791666666667 1.1189814814814816 0.13645833333333332 0.0824074074074074
1 0.71171875 0.812962962962963 0.1296875 0.19444444444444445
0 0.3026041666666667 0.887962962962963 0.07083333333333333 0.2111111111111111
0 0.3606770833333333 1.0625 0.0953125 0.125
0 0.3614583333333333 0.8546296296296296 0.140625 0.11851851851851852
0 0.3875 0.9708333333333333 0.09479166666666666 0.08611111111111111
0 0.42890625 0.9453703703703704 0.058854166666666666 0.26481481481481484
0 0.6567708333333333 1.0300925925925926 0.05 0.05462962962962963
2 0.6690104166666667 1.1254629629629629 0.09635416666666667 0.14166666666666666
