1 0.41067708333333336 0.6092592592592593 0.07760416666666667 0.17592592592592593
0 0.25807291666666665 0.7833333333333333 0.10677083333333333 0.10555555555555556
2 0.14947916666666666 0.6967592592592593 0.06354166666666666 0.16944444444444445
0 0.23723958333333334 0.6268518518518519 0.11510416666666666 0.09259259259259259
0 0.2578125 0.5398148148148149 0.052083333333333336 0.17962962962962964
0 0.19765625 0.549537037037037 0.05364583333333333 0.23425925925925925
1 0.19557291666666668 0.20277777777777778 0.08802083333333334 0.21851851851851853
0 0.4078125 0.5064814814814815 0.146875 0.09444444444444444
0 0.54765625 0.41759259259259257 0.03802083333333333 0.06296296296296296
0 0.5533854166666666 0.3277777777777778 0.11510416666666666 0.20925925925925926
1 0.6239583333333333 0.9152777777777777 0.059375 0.1675925925925926
1 0.8481770833333333 0.7453703703703703 0.04635416666666667 0.24259259259259258
1 0.6760416666666667 0.12361111111111112 0.109375 0.23055555555555557
0 0.7182291666666667 0.850925925925926 0.11875 0.1259259259259259
0 0.81640625 0.7476851851851852 0.0703125 0.16944444444444445
0 0.6994791666666667 0.7462962962962963 0.06666666666666667 0.25
0 0.76484375 0.7 0.0484375 0.1685185185185185
0 0.7505208333333333 0.6263888888888889 0.14895833333333333 0.10462962962962963
0 0.7981770833333334 0.2212962962962963 0.030729166666666665 0.08888888888888889
2 0.8518229166666667 0.19953703703703704 0.0796875 0.1712962962962963
