0 0.73984375 0.22361111111111112 0.1109375 0.10092592592592593
2 0.8473958333333333 0.3055555555555556 0.0625 0.17222222222222222
0 0.7606770833333333 0.3768518518518518 0.1171875 0.0962962962962963
0 0.8028645833333333 0.45694444444444443 0.0484375 0.2361111111111111
0 0.7424479166666667 0.4634259259259259 0.049479166666666664 0.1824074074074074
1 0.8041666666666667 0.7930555555555555 0.09270833333333334 0.20462962962962963
1 0.5916666666666667 0.4013888888888889 0.07291666666666667 0.19166666666666668
0 0.5942708333333333 0.4949074074074074 0.15208333333333332 0.09907407407407408
0 0.45208333333333334 0.5796296296296296 0.03958333333333333 0.05555555555555555
1 0.4473958333333333 0.675 0.11458333333333333 0.2
1 0.3177083333333333 0.8833333333333333 0.08958333333333333 0.23333333333333334
1 0.37005208333333334 0.08796296296296297 0.043229166666666666 0.17407407407407408
1 0.14270833333333333 0.2722222222222222 0.06666666666666667 0.21851851851851853
0 0.184375 0.25972222222222224 0.071875 0.16574074074074074
0 0.2828125 0.15787037037037038 0.11458333333333333 0.125
0 0.30078125 0.2601851851851852 0.06614583333333333 0.25
0 0.20182291666666666 0.7722222222222223 0.0328125 0.10740740740740741
2 0.15026041666666667 0.8050925925925926 0.07760416666666667 0.1712962962962963
0 0.23776041666666667 0.30462962962962964 0.0484375 0.16111111111111112
0 0.25026041666666665 0.37824074074074077 0.1515625 0.09907407407407408
