0 0.34401041666666665 0.07453703703703704 0.05677083333333333 0.19722222222222222
2 0.39010416666666664 -0.11666666666666667 0.096875 0.1111111111111111
0 0.43020833333333336 0.0375 0.05416666666666667 0.20833333333333334
0 0.4752604166666667 -0.0375 0.1328125 0.08611111111111111
0 0.47890625 0.0699074074074074 0.10260416666666666 0.08796296296296297
1 0.6643229166666667 -0.03981481481481482 0.11510416666666666 0.1648148148148148
1 0.4440104166666667 0.33796296296296297 0.1078125 0.12962962962962962
0 0.49661458333333336 0.3333333333333333 0.05572916666666667 0.27037037037037037
0 0.5442708333333334 0.5861111111111111 0.03125 0.07037037037037037
1 0.5979166666666667 0.5944444444444444 0.1125 0.2037037037037037
1 0.7151041666666667 0.825 0.13125 0.15925925925925927
1 0.2677083333333333 0.7319444444444444 0.09791666666666667 0.07685185185185185
1 0.37135416666666665 1.136111111111111 0.12291666666666666 0.11851851851851852
0 0.36432291666666666 1.0620370370370371 0.09322916666666667 0.12777777777777777
0 0.30703125 0.8870370370370371 0.0703125 0.2037037037037037
0 0.3645833333333333 0.8550925925925926 0.140625 0.1175925925925926
0 0.6526041666666667 1.0310185185185186 0.06041666666666667 0.058333333333333334
2 0.67109375 1.1226851851851851 0.09635416666666667 0.13796296296296295
0 0.38958333333333334 0.9671296296296297 0.090625 0.08611111111111111
0 0.4309895833333333 0.9449074074074074 0.05572916666666667 0.26944444444444443
