0 0.26067708333333334 0.7773148148148148 0.1109375 0.10092592592592593
2 0.153125 0.6953703703703704 0.0625 0.17222222222222222
0 0.23984375 0.6240740740740741 0.1171875 0.0962962962962963
0 0.19765625 0.5439814814814815 0.0484375 0.2361111111111111
0 0.25807291666666665 0.5375 0.049479166666666664 0.1824074074074074
1 0.19635416666666666 0.20787037037037037 0.09270833333333334 0.20462962962962963
1 0.4088541666666667 0.5995370370370371 0.07291666666666667 0.19166666666666668
0 0.40625 0.5060185185185185 0.15208333333333332 0.09907407407407408
0 0.5484375 0.4212962962962963 0.03958333333333333 0.05555555555555555
1 0.553125 0.32592592592592595 0.11458333333333333 0.2
1 0.6828125 0.1175925925925926 0.08958333333333333 0.23333333333333334
1 0.63046875 0.912962962962963 0.043229166666666666 0.17407407407407408
1 0.8578125 0.7287037037037037 0.06666666666666667 0.21851851851851853
0 0.8161458333333333 0.7412037037037037 0.071875 0.16574074074074074
0 0.7177083333333333 0.8430555555555556 0.11458333333333333 0.125
0 0.6997395833333333 0.7407407407407407 0.06614583333333333 0.25
0 0.7986979166666667 0.22870370370370371 0.0328125 0.10740740740740741
2 0.8502604166666666 0.19583333333333333 0.07760416666666667 0.1712962962962963
0 0.7627604166666667 0.6962962962962963 0.0484375 0.16111111111111112
0 0.7502604166666667 0.6226851851851852 0.1515625 0.09907407407407408
