0 0.65546875 0.9263888888888889 0.05677083333333333 0.19722222222222222
2 0.609375 1.1175925925925927 0.096875 0.1111111111111111
0 0.5692708333333333 0.9634259259259259 0.05416666666666667 0.20833333333333334
0 0.52421875 1.0384259259259259 0.1328125 0.08611111111111111
0 0.5205729166666667 0.9310185185185185 0.10260416666666666 0.08796296296296297
1 0.33515625 1.0407407407407407 0.11510416666666666 0.1648148148148148
1 0.55546875 0.662962962962963 0.1078125 0.12962962962962962
0 0.5028645833333333 0.6675925925925926 0.05572916666666667 0.27037037037037037
0 0.4552083333333333 0.4148148148148148 0.03125 0.07037037037037037
1 0.4015625 0.4064814814814815 0.1125 0.2037037037037037
1 0.284375 0.17546296296296296 0.13125 0.16018518518518518
1 0.7317708333333334 0.2689814814814815 0.09791666666666667 0.07685185185185185
1 0.628125 -0.13518518518518519 0.12291666666666666 0.11851851851851852
0 0.63515625 -0.06111111111111111 0.09322916666666667 0.12777777777777777
0 0.6924479166666667 0.11388888888888889 0.0703125 0.2037037037037037
0 0.6348958333333333 0.14583333333333334 0.140625 0.1175925925925926
0 0.346875 -0.03009259259259259 0.06041666666666667 0.058333333333333334
2 0.32838541666666665 -0.12175925925925926 0.09635416666666667 0.13796296296296295
0 0.6098958333333333 0.033796296296296297 0.090625 0.08611111111111111
0 0.5684895833333333 0.056018518518518516 0.05572916666666667 0.26944444444444443
