0 0.26276041666666666 0.22453703703703703 0.10885416666666667 0.10277777777777777
2 0.15364583333333334 0.3106481481481482 0.057291666666666664 0.1787037037037037
0 0.2421875 0.37777777777777777 0.11458333333333333 0.09444444444444444
0 0.2 0.4546296296296296 0.05 0.23148148148148148
0 0.26119791666666664 0.46574074074074073 0.0515625 0.17777777777777778
1 0.1953125 0.7944444444444444 0.09166666666666666 0.20185185185185187
0 0.41015625 0.3990740740740741 0.07447916666666667 0.17962962962962964
0 0.40625 0.49583333333333335 0.14895833333333333 0.09537037037037037
0 0.5471354166666667 0.5851851851851851 0.04114583333333333 0.06296296296296296
0 0.5528645833333333 0.6759259259259259 0.1109375 0.20185185185185187
1 0.63203125 0.08935185185185185 0.0421875 0.17685185185185184
1 0.86015625 0.2824074074074074 0.07760416666666667 0.20555555555555555
0 0.7174479166666666 0.1574074074074074 0.1140625 0.12037037037037036
0 0.6994791666666667 0.2569444444444444 0.06666666666666667 0.2564814814814815
0 0.81484375 0.2564814814814815 0.0703125 0.16666666666666666
0 0.7625 0.30324074074074076 0.051041666666666666 0.15833333333333333
0 0.74921875 0.3773148148148148 0.14947916666666666 0.10277777777777777
1 0.6903645833333333 0.8800925925925925 0.07447916666666667 0.23981481481481481
0 0.7958333333333333 0.7782407407407408 0.03229166666666667 0.08611111111111111
2 0.85 0.8050925925925926 0.07604166666666666 0.17314814814814813
