0 0.34453125 0.9226851851851852 0.0578125 0.1935185185185185
2 0.39296875 1.1166666666666667 0.10052083333333334 0.10185185185185185
0 0.43072916666666666 0.9592592592592593 0.053125 0.2037037037037037
0 0.4739583333333333 1.0342592592592592 0.13020833333333334 0.08888888888888889
0 0.48020833333333335 0.9254629629629629 0.1 0.09166666666666666
1 0.6651041666666667 1.0425925925925925 0.11354166666666667 0.16296296296296298
0 0.4427083333333333 0.6606481481481481 0.10104166666666667 0.13240740740740742
0 0.49713541666666666 0.6675925925925926 0.05364583333333333 0.26481481481481484
0 0.5473958333333333 0.41712962962962963 0.035416666666666666 0.07314814814814814
0 0.5984375 0.40694444444444444 0.11354166666666667 0.19722222222222222
1 0.26848958333333334 0.2657407407407407 0.09947916666666666 0.07592592592592592
1 0.3770833333333333 -0.13935185185185187 0.115625 0.13796296296296295
0 0.3067708333333333 0.11435185185185186 0.06770833333333333 0.20277777777777778
0 0.36276041666666664 0.14629629629629629 0.14427083333333332 0.11851851851851852
0 0.3625 -0.0587962962962963 0.09375 0.125
0 0.3888020833333333 0.03425925925925926 0.0890625 0.09074074074074075
0 0.43046875 0.05787037037037037 0.0578125 0.2657407407407407
1 0.71328125 0.1625 0.13489583333333333 0.13240740740740742
0 0.6559895833333333 -0.025 0.0484375 0.05740740740740741
2 0.67109375 -0.12129629629629629 0.09739583333333333 0.13518518518518519
