0 0.2546875 0.22685185185185186 0.109375 0.10555555555555556
2 0.14739583333333334 0.30833333333333335 0.0625 0.17592592592592593
0 0.23255208333333333 0.3768518518518518 0.12135416666666667 0.09259259259259259
0 0.19375 0.45925925925925926 0.052083333333333336 0.23148148148148148
0 0.25546875 0.46620370370370373 0.049479166666666664 0.1824074074074074
1 0.18567708333333333 0.8013888888888889 0.09427083333333333 0.19166666666666668
0 0.4044270833333333 0.3990740740740741 0.07447916666666667 0.18518518518518517
0 0.40208333333333335 0.5013888888888889 0.14583333333333334 0.09351851851851851
0 0.540625 0.587037037037037 0.03958333333333333 0.05925925925925926
0 0.5473958333333333 0.6782407407407407 0.11458333333333333 0.19722222222222222
1 0.634375 0.08981481481481482 0.028125 0.17407407407407408
1 0.859375 0.28425925925925927 0.08541666666666667 0.20185185185185187
1 0.6901041666666666 0.8814814814814815 0.06458333333333334 0.23703703703703705
0 0.7114583333333333 0.1587962962962963 0.11875 0.12129629629629629
0 0.809375 0.2611111111111111 0.07083333333333333 0.16296296296296298
0 0.6950520833333333 0.26157407407407407 0.06510416666666667 0.24351851851851852
0 0.75703125 0.30787037037037035 0.0484375 0.1638888888888889
0 0.74296875 0.38101851851851853 0.15260416666666668 0.11018518518518519
0 0.7908854166666667 0.7847222222222222 0.0296875 0.0824074074074074
2 0.84296875 0.8046296296296296 0.07864583333333333 0.17222222222222222
