0 0.3458333333333333 0.937037037037037 0.059375 0.19444444444444445
2 0.39166666666666666 1.1277777777777778 0.09895833333333333 0.1111111111111111
0 0.43020833333333336 0.9763888888888889 0.052083333333333336 0.21574074074074073
0 0.4765625 1.0453703703703703 0.13020833333333334 0.09259259259259259
0 0.48046875 0.9356481481481481 0.10260416666666666 0.08796296296296297
1 0.6690104166666667 1.0597222222222222 0.1078125 0.1675925925925926
0 0.4427083333333333 0.6708333333333333 0.10416666666666667 0.13240740740740742
0 0.5002604166666667 0.675 0.05260416666666667 0.25925925925925924
0 0.5484375 0.4287037037037037 0.03333333333333333 0.07037037037037037
0 0.5997395833333333 0.4166666666666667 0.1109375 0.2037037037037037
1 0.26875 0.26157407407407407 0.09791666666666667 0.05092592592592592
1 0.378125 -0.13796296296296295 0.11354166666666667 0.15185185185185185
1 0.7140625 0.16296296296296298 0.13333333333333333 0.11481481481481481
0 0.30755208333333334 0.125 0.06822916666666666 0.2111111111111111
0 0.3651041666666667 -0.049074074074074076 0.09166666666666666 0.1259259259259259
0 0.3653645833333333 0.15416666666666667 0.13697916666666668 0.11574074074074074
0 0.39140625 0.04398148148148148 0.0921875 0.08611111111111111
0 0.43255208333333334 0.06898148148148148 0.06197916666666667 0.2712962962962963
0 0.6596354166666667 -0.016203703703703703 0.04635416666666667 0.05277777777777778
2 0.6708333333333333 -0.1087962962962963 0.096875 0.1398148148148148
