0 0.2546875 0.774074074074074 0.109375 0.10555555555555556
2 0.14739583333333334 0.6925925925925925 0.0625 0.17592592592592593
0 0.23255208333333333 0.6240740740740741 0.12135416666666667 0.09259259259259259
0 0.19375 0.5416666666666666 0.052083333333333336 0.23148148148148148
0 0.25546875 0.5347222222222222 0.049479166666666664 0.1824074074074074
1 0.18567708333333333 0.19953703703703704 0.09427083333333333 0.19166666666666668
0 0.4044270833333333 0.6018518518518519 0.07447916666666667 0.18518518518518517
0 0.40208333333333335 0.49953703703703706 0.14583333333333334 0.09351851851851851
0 0.540625 0.41388888888888886 0.03958333333333333 0.05925925925925926
0 0.5473958333333333 0.3226851851851852 0.11458333333333333 0.19722222222222222
1 0.634375 0.9111111111111111 0.028125 0.17407407407407408
1 0.859375 0.7166666666666667 0.08541666666666667 0.20185185185185187
1 0.6901041666666666 0.11944444444444445 0.06458333333333334 0.23703703703703705
0 0.7114583333333333 0.8421296296296297 0.11875 0.12129629629629629
0 0.809375 0.7398148148148148 0.07083333333333333 0.16296296296296298
0 0.6950520833333333 0.7393518518518518 0.06510416666666667 0.24351851851851852
0 0.75703125 0.6930555555555555 0.0484375 0.1638888888888889
0 0.74296875 0.6199074074074075 0.15260416666666668 0.11018518518518519
0 0.7908854166666667 0.2162037037037037 0.0296875 0.0824074074074074
2 0.84296875 0.1962962962962963 0.07864583333333333 0.17222222222222222
