0 0.3458333333333333 0.06388888888888888 0.059375 0.19444444444444445
2 0.39166666666666666 -0.12685185185185185 0.09895833333333333 0.1111111111111111
0 0.43020833333333336 0.024537037037037038 0.052083333333333336 0.21574074074074073
0 0.4765625 -0.044444444444444446 0.13020833333333334 0.09259259259259259
0 0.48046875 0.06527777777777778 0.10260416666666666 0.08796296296296297
1 0.6690104166666667 -0.0587962962962963 0.1078125 0.1675925925925926
0 0.4427083333333333 0.3300925925925926 0.10416666666666667 0.13240740740740742
0 0.5002604166666667 0.32592592592592595 0.05260416666666667 0.25925925925925924
0 0.5484375 0.5722222222222222 0.03333333333333333 0.07037037037037037
0 0.5997395833333333 0.5842592592592593 0.1109375 0.2037037037037037
1 0.26875 0.7388888888888889 0.09791666666666667 0.05
1 0.378125 1.1388888888888888 0.11354166666666667 0.15185185185185185
1 0.7140625 0.8379629629629629 0.13333333333333333 0.11481481481481481
0 0.30755208333333334 0.8759259259259259 0.06822916666666666 0.2111111111111111
0 0.3651041666666667 1.05 0.09166666666666666 0.1259259259259259
0 0.3653645833333333 0.8467592592592592 0.13697916666666668 0.11574074074074074
0 0.39140625 0.9569444444444445 0.0921875 0.08611111111111111
0 0.43255208333333334 0.9319444444444445 0.06197916666666667 0.2712962962962963
0 0.6596354166666667 1.0171296296296297 0.04635416666666667 0.05277777777777778
2 0.6708333333333333 1.1097222222222223 0.096875 0.1398148148148148
