0 0.35182291666666665 0.06342592592592593 0.0578125 0.1935185185185185
2 0.39921875 -0.12824074074074074 0.0953125 0.10462962962962963
0 0.43645833333333334 0.024537037037037038 0.05 0.20462962962962963
0 0.48151041666666666 -0.04351851851851852 0.1296875 0.08518518518518518
0 0.48515625 0.06111111111111111 0.10052083333333334 0.08888888888888889
1 0.6731770833333334 -0.06666666666666667 0.10885416666666667 0.17777777777777778
1 0.44635416666666666 0.32407407407407407 0.09791666666666667 0.12962962962962962
0 0.5041666666666667 0.32083333333333336 0.05625 0.2601851851851852
0 0.5502604166666667 0.5643518518518519 0.0328125 0.06759259259259259
0 0.6015625 0.5745370370370371 0.11354166666666667 0.19907407407407407
1 0.2752604166666667 0.7416666666666667 0.1015625 0.07037037037037037
0 0.3145833333333333 0.8638888888888889 0.06875 0.20185185185185187
1 0.715625 0.8287037037037037 0.13020833333333334 0.1
1 0.3809895833333333 1.125 0.1109375 0.14444444444444443
0 0.3736979166666667 0.8356481481481481 0.13697916666666668 0.10462962962962963
0 0.37057291666666664 1.0342592592592592 0.09322916666666667 0.12407407407407407
0 0.3963541666666667 0.9393518518518519 0.08854166666666667 0.08796296296296297
0 0.4390625 0.9162037037037037 0.05520833333333333 0.2601851851851852
0 0.6619791666666667 1.0023148148148149 0.04375 0.05648148148148148
2 0.6731770833333334 1.0912037037037037 0.09635416666666667 0.1287037037037037
