0 0.35182291666666665 0.9375 0.0578125 0.1935185185185185
2 0.39921875 1.1291666666666667 0.0953125 0.10462962962962963
0 0.43645833333333334 0.9763888888888889 0.05 0.20462962962962963
0 0.48151041666666666 1.0444444444444445 0.1296875 0.08518518518518518
0 0.48515625 0.9398148148148148 0.10052083333333334 0.08888888888888889
1 0.6731770833333334 1.0675925925925926 0.10885416666666667 0.17777777777777778
1 0.44635416666666666 0.6768518518518518 0.09791666666666667 0.12962962962962962
0 0.5041666666666667 0.6800925925925926 0.05625 0.2601851851851852
0 0.5502604166666667 0.43657407407407406 0.0328125 0.06759259259259259
0 0.6015625 0.4263888888888889 0.11354166666666667 0.19907407407407407
1 0.2752604166666667 0.2587962962962963 0.1015625 0.0712962962962963
0 0.3145833333333333 0.13703703703703704 0.06875 0.20185185185185187
1 0.715625 0.17222222222222222 0.13020833333333334 0.1
1 0.3809895833333333 -0.12407407407407407 0.1109375 0.14444444444444443
0 0.3736979166666667 0.16527777777777777 0.13697916666666668 0.10462962962962963
0 0.37057291666666664 -0.03333333333333333 0.09322916666666667 0.12407407407407407
0 0.3963541666666667 0.06157407407407407 0.08854166666666667 0.08796296296296297
0 0.4390625 0.08472222222222223 0.05520833333333333 0.2601851851851852
0 0.6619791666666667 -0.001388888888888889 0.04375 0.05648148148148148
2 0.6731770833333334 -0.09027777777777778 0.09635416666666667 0.1287037037037037
