0 0.25442708333333336 0.763425925925926 0.10885416666666667 0.10277777777777777
2 0.14661458333333333 0.6791666666666667 0.058854166666666666 0.16944444444444445
0 0.23255208333333333 0.6129629629629629 0.11510416666666666 0.08888888888888889
0 0.19427083333333334 0.5328703703703703 0.04791666666666667 0.23055555555555557
0 0.253125 0.5263888888888889 0.05 0.1787037037037037
1 0.18125 0.19212962962962962 0.1 0.1935185185185185
1 0.4010416666666667 0.5953703703703703 0.07291666666666667 0.17407407407407408
0 0.39921875 0.4925925925925926 0.14635416666666667 0.1
0 0.5361979166666667 0.41064814814814815 0.03802083333333333 0.058333333333333334
0 0.5419270833333333 0.3194444444444444 0.11197916666666667 0.20185185185185187
1 0.6359375 0.899537037037037 0.03958333333333333 0.18055555555555555
0 0.7046875 0.8296296296296296 0.11354166666666667 0.12222222222222222
1 0.6848958333333334 0.11666666666666667 0.05625 0.23148148148148148
1 0.8515625 0.711574074074074 0.08125 0.19722222222222222
0 0.6888020833333334 0.7245370370370371 0.058854166666666666 0.24351851851851852
0 0.8005208333333333 0.7300925925925926 0.06979166666666667 0.16574074074074074
0 0.7471354166666667 0.6842592592592592 0.049479166666666664 0.1574074074074074
0 0.7341145833333333 0.6083333333333333 0.14635416666666667 0.09814814814814815
0 0.7825520833333334 0.21203703703703702 0.03177083333333333 0.07777777777777778
2 0.8325520833333333 0.19212962962962962 0.07239583333333334 0.1712962962962963
