0 0.35130208333333335 0.05694444444444444 0.05572916666666667 0.1935185185185185
2 0.40130208333333334 -0.14212962962962963 0.0859375 0.11574074074074074
0 0.43645833333333334 0.018055555555555554 0.052083333333333336 0.20833333333333334
0 0.48671875 0.05416666666666667 0.10052083333333334 0.08611111111111111
0 0.484375 -0.05277777777777778 0.13125 0.08888888888888889
1 0.6778645833333333 -0.07222222222222222 0.11614583333333334 0.16666666666666666
1 0.44973958333333336 0.31851851851851853 0.10052083333333334 0.13703703703703704
0 0.5046875 0.3101851851851852 0.05416666666666667 0.26296296296296295
0 0.5494791666666666 0.5615740740740741 0.03229166666666667 0.0712962962962963
0 0.6028645833333334 0.5652777777777778 0.1109375 0.19907407407407407
1 0.2760416666666667 0.7472222222222222 0.09895833333333333 0.08888888888888889
0 0.315625 0.8541666666666666 0.06875 0.20277777777777778
0 0.371875 0.825462962962963 0.134375 0.11388888888888889
0 0.39895833333333336 0.9342592592592592 0.090625 0.07962962962962963
0 0.37109375 1.0282407407407408 0.0859375 0.11574074074074074
0 0.43854166666666666 0.9097222222222222 0.05520833333333333 0.262037037037037
1 0.38333333333333336 1.1125 0.10729166666666666 0.14537037037037037
1 0.7151041666666667 0.8324074074074074 0.13125 0.09074074074074075
0 0.6598958333333333 0.9930555555555556 0.04895833333333333 0.05648148148148148
2 0.67265625 1.0814814814814815 0.0953125 0.1388888888888889
