0 0.7497395833333333 0.23657407407407408 0.10885416666666667 0.09907407407407408
2 0.86171875 0.32546296296296295 0.06510416666666667 0.1527777777777778
0 0.7716145833333333 0.38796296296296295 0.1171875 0.09259259259259259
0 0.7513020833333334 0.4773148148148148 0.0484375 0.1787037037037037
0 0.8114583333333333 0.47314814814814815 0.05 0.23333333333333334
1 0.8223958333333333 0.8171296296296297 0.09375 0.2064814814814815
1 0.6026041666666667 0.4115740740740741 0.07708333333333334 0.1787037037037037
0 0.6072916666666667 0.5092592592592593 0.14791666666666667 0.0962962962962963
0 0.46588541666666666 0.5888888888888889 0.04010416666666667 0.05740740740740741
0 0.46380208333333334 0.6837962962962963 0.11197916666666667 0.19722222222222222
1 0.3614583333333333 0.10277777777777777 0.05 0.17592592592592593
0 0.30130208333333336 0.17314814814814813 0.1140625 0.12222222222222222
0 0.31744791666666666 0.27314814814814814 0.0640625 0.2388888888888889
0 0.25625 0.3212962962962963 0.04479166666666667 0.16111111111111112
0 0.20338541666666668 0.27175925925925926 0.06510416666666667 0.1527777777777778
0 0.27005208333333336 0.39166666666666666 0.14739583333333334 0.09814814814814815
1 0.15598958333333332 0.2935185185185185 0.08177083333333333 0.19074074074074074
1 0.31354166666666666 0.8833333333333333 0.051041666666666666 0.23333333333333334
0 0.22317708333333333 0.7851851851851852 0.03177083333333333 0.08703703703703704
2 0.1734375 0.8078703703703703 0.078125 0.16944444444444445
