0 0.25078125 0.23657407407407408 0.10885416666666667 0.09907407407407408
2 0.13880208333333333 0.32546296296296295 0.06510416666666667 0.1527777777777778
0 0.22890625 0.38796296296296295 0.1171875 0.09259259259259259
0 0.24921875 0.4773148148148148 0.0484375 0.1787037037037037
0 0.1890625 0.47314814814814815 0.05 0.23333333333333334
1 0.178125 0.8171296296296297 0.09375 0.2064814814814815
1 0.39791666666666664 0.4115740740740741 0.07708333333333334 0.1787037037037037
0 0.3932291666666667 0.5092592592592593 0.14791666666666667 0.0962962962962963
0 0.5346354166666667 0.5888888888888889 0.04010416666666667 0.05740740740740741
0 0.53671875 0.6837962962962963 0.11197916666666667 0.19722222222222222
1 0.6390625 0.10277777777777777 0.05 0.17592592592592593
0 0.69921875 0.17314814814814813 0.1140625 0.12222222222222222
0 0.6830729166666667 0.27314814814814814 0.0640625 0.2388888888888889
0 0.7442708333333333 0.3212962962962963 0.04479166666666667 0.16111111111111112
0 0.7971354166666667 0.27175925925925926 0.06510416666666667 0.1527777777777778
0 0.73046875 0.39166666666666666 0.14739583333333334 0.09814814814814815
1 0.84453125 0.2935185185185185 0.08177083333333333 0.19074074074074074
1 0.6869791666666667 0.8833333333333333 0.051041666666666666 0.23333333333333334
0 0.77734375 0.7851851851851852 0.03177083333333333 0.08703703703703704
2 0.8270833333333333 0.8078703703703703 0.078125 0.16944444444444445
