0 0.25078125 0.7643518518518518 0.10885416666666667 0.09907407407407408
2 0.13880208333333333 0.6754629629629629 0.06510416666666667 0.1527777777777778
0 0.22890625 0.6129629629629629 0.1171875 0.09259259259259259
0 0.24921875 0.5236111111111111 0.0484375 0.1787037037037037
0 0.1890625 0.5277777777777778 0.05 0.23333333333333334
1 0.178125 0.1837962962962963 0.09375 0.2064814814814815
1 0.39791666666666664 0.5893518518518519 0.07708333333333334 0.1787037037037037
0 0.3932291666666667 0.49166666666666664 0.14791666666666667 0.0962962962962963
0 0.5346354166666667 0.41203703703703703 0.04010416666666667 0.05740740740740741
0 0.53671875 0.31712962962962965 0.11197916666666667 0.19722222222222222
1 0.6390625 0.8981481481481481 0.05 0.17592592592592593
0 0.69921875 0.8277777777777777 0.1140625 0.12222222222222222
0 0.6830729166666667 0.7277777777777777 0.0640625 0.2388888888888889
0 0.7442708333333333 0.6796296296296296 0.04479166666666667 0.16111111111111112
0 0.7971354166666667 0.7291666666666666 0.06510416666666667 0.1527777777777778
0 0.73046875 0.6092592592592593 0.14739583333333334 0.09814814814814815
1 0.84453125 0.7074074074074074 0.08177083333333333 0.19074074074074074
1 0.6869791666666667 0.1175925925925926 0.051041666666666666 0.23333333333333334
0 0.77734375 0.21574074074074073 0.03177083333333333 0.08703703703703704
2 0.8270833333333333 0.19305555555555556 0.078125 0.16944444444444445
