0 0.6481770833333333 0.9439814814814815 0.05572916666666667 0.1935185185185185
2 0.5981770833333333 1.1430555555555555 0.0859375 0.11574074074074074
0 0.5630208333333333 0.9828703703703704 0.052083333333333336 0.20833333333333334
0 0.5127604166666667 0.9467592592592593 0.10052083333333334 0.08611111111111111
0 0.5151041666666667 1.0537037037037038 0.13125 0.08888888888888889
1 0.32135416666666666 1.0731481481481482 0.11666666666666667 0.16666666666666666
1 0.5497395833333333 0.6824074074074075 0.10052083333333334 0.13703703703703704
0 0.4947916666666667 0.6907407407407408 0.05416666666666667 0.26296296296296295
0 0.45 0.4393518518518518 0.03229166666666667 0.0712962962962963
0 0.3966145833333333 0.4356481481481482 0.1109375 0.19907407407407407
1 0.7234375 0.2537037037037037 0.09895833333333333 0.08888888888888889
0 0.6838541666666667 0.14675925925925926 0.06875 0.20277777777777778
0 0.6276041666666666 0.17546296296296296 0.134375 0.11388888888888889
0 0.6005208333333333 0.06666666666666667 0.090625 0.07962962962962963
0 0.6283854166666667 -0.027314814814814816 0.0859375 0.11574074074074074
0 0.5609375 0.0912037037037037 0.05520833333333333 0.262037037037037
1 0.6161458333333333 -0.11157407407407408 0.10729166666666666 0.14537037037037037
1 0.284375 0.16805555555555557 0.13125 0.09166666666666666
0 0.33958333333333335 0.00787037037037037 0.04895833333333333 0.05648148148148148
2 0.3268229166666667 -0.08055555555555556 0.0953125 0.1388888888888889
