0 0.6486979166666667 0.9439814814814815 0.0609375 0.1935185185185185
2 0.5989583333333334 1.1416666666666666 0.0875 0.11851851851851852
0 0.5630208333333333 0.986574074074074 0.05416666666666667 0.21388888888888888
0 0.5177083333333333 1.0527777777777778 0.13020833333333334 0.08888888888888889
0 0.51328125 0.9467592592592593 0.10260416666666666 0.08611111111111111
1 0.3260416666666667 1.075 0.10833333333333334 0.18518518518518517
0 0.5513020833333333 0.6814814814814815 0.10052083333333334 0.13333333333333333
0 0.496875 0.6888888888888889 0.05416666666666667 0.2611111111111111
0 0.44973958333333336 0.4398148148148148 0.028645833333333332 0.07222222222222222
0 0.3963541666666667 0.43425925925925923 0.11354166666666667 0.19444444444444445
1 0.28359375 0.16111111111111112 0.1296875 0.06851851851851852
0 0.34010416666666665 0.00787037037037037 0.05 0.05462962962962963
2 0.32578125 -0.08518518518518518 0.0984375 0.13518518518518519
1 0.728125 0.2523148148148148 0.10104166666666667 0.08796296296296297
0 0.6833333333333333 0.14444444444444443 0.06770833333333333 0.19814814814814816
0 0.6265625 0.17546296296296296 0.13541666666666666 0.11203703703703703
0 0.6036458333333333 0.06666666666666667 0.08854166666666667 0.08703703703703704
0 0.6283854166666667 -0.02546296296296296 0.09114583333333333 0.12129629629629629
0 0.61640625 -0.11203703703703703 0.1078125 0.14629629629629629
0 0.559375 0.09027777777777778 0.057291666666666664 0.2601851851851852
