0 0.35078125 0.9439814814814815 0.0609375 0.1935185185185185
2 0.4005208333333333 1.1416666666666666 0.0875 0.11851851851851852
0 0.43645833333333334 0.986574074074074 0.05416666666666667 0.21388888888888888
0 0.4817708333333333 1.0527777777777778 0.13020833333333334 0.08888888888888889
0 0.4861979166666667 0.9467592592592593 0.10260416666666666 0.08611111111111111
1 0.6734375 1.075 0.10833333333333334 0.18518518518518517
0 0.44817708333333334 0.6814814814814815 0.10052083333333334 0.13333333333333333
0 0.5026041666666666 0.6888888888888889 0.05416666666666667 0.2611111111111111
0 0.5497395833333333 0.4398148148148148 0.028645833333333332 0.07222222222222222
0 0.603125 0.43425925925925923 0.11354166666666667 0.19444444444444445
1 0.7158854166666667 0.16157407407407406 0.1296875 0.06759259259259259
0 0.659375 0.00787037037037037 0.05 0.05462962962962963
2 0.6736979166666667 -0.08518518518518518 0.0984375 0.13518518518518519
1 0.2713541666666667 0.2518518518518518 0.10104166666666667 0.08888888888888889
0 0.31614583333333335 0.14444444444444443 0.06770833333333333 0.19814814814814816
0 0.3729166666666667 0.17546296296296296 0.13541666666666666 0.11203703703703703
0 0.3958333333333333 0.06666666666666667 0.08854166666666667 0.08703703703703704
0 0.37109375 -0.02546296296296296 0.09114583333333333 0.12129629629629629
0 0.38307291666666665 -0.11203703703703703 0.1078125 0.14629629629629629
0 0.4401041666666667 0.09027777777777778 0.057291666666666664 0.2601851851851852
