0 0.25078125 0.23564814814814813 0.10885416666666667 0.10833333333333334
2 0.13958333333333334 0.32407407407407407 0.06666666666666667 0.15555555555555556
0 0.22682291666666668 0.38796296296296295 0.1203125 0.0962962962962963
0 0.18958333333333333 0.4685185185185185 0.05 0.23148148148148148
0 0.24921875 0.47638888888888886 0.0484375 0.1824074074074074
1 0.17708333333333334 0.8092592592592592 0.10416666666666667 0.1925925925925926
0 0.3984375 0.40879629629629627 0.075 0.1787037037037037
0 0.39427083333333335 0.5055555555555555 0.146875 0.0962962962962963
0 0.534375 0.5893518518518519 0.040625 0.05092592592592592
0 0.5375 0.6842592592592592 0.109375 0.20185185185185187
1 0.6908854166666667 0.8847222222222222 0.03802083333333333 0.23055555555555557
0 0.77734375 0.7842592592592592 0.030729166666666665 0.08888888888888889
2 0.8296875 0.8097222222222222 0.07604166666666666 0.175
1 0.63984375 0.09444444444444444 0.049479166666666664 0.17962962962962964
0 0.7005208333333334 0.17407407407407408 0.11145833333333334 0.12037037037037036
0 0.6830729166666667 0.275 0.06302083333333333 0.24074074074074073
0 0.7442708333333333 0.31574074074074077 0.04895833333333333 0.1574074074074074
0 0.79609375 0.27175925925925926 0.06822916666666666 0.16203703703703703
0 0.8447916666666667 0.29305555555555557 0.08229166666666667 0.19166666666666668
0 0.7309895833333333 0.39444444444444443 0.14635416666666667 0.10185185185185185
