0 0.7471354166666667 0.2263888888888889 0.1109375 0.10462962962962963
2 0.8609375 0.32222222222222224 0.06666666666666667 0.15925925925925927
0 0.76875 0.37777777777777777 0.11354166666666667 0.09444444444444444
0 0.8104166666666667 0.45925925925925926 0.04895833333333333 0.23148148148148148
0 0.7505208333333333 0.46620370370370373 0.04791666666666667 0.18055555555555555
1 0.8221354166666667 0.7921296296296296 0.09947916666666666 0.17685185185185184
0 0.5997395833333333 0.4041666666666667 0.07864583333333333 0.1824074074074074
0 0.6026041666666667 0.5 0.146875 0.08888888888888889
0 0.46328125 0.5828703703703704 0.04010416666666667 0.05648148148148148
0 0.45989583333333334 0.674074074074074 0.11041666666666666 0.20185185185185187
1 0.35703125 0.09074074074074075 0.05364583333333333 0.17962962962962964
1 0.153125 0.2833333333333333 0.08020833333333334 0.19074074074074074
0 0.20182291666666666 0.26157407407407407 0.0671875 0.1675925925925926
0 0.296875 0.16574074074074074 0.1125 0.12407407407407407
0 0.3138020833333333 0.2638888888888889 0.0640625 0.2388888888888889
0 0.25364583333333335 0.30787037037037035 0.04791666666666667 0.16203703703703703
0 0.26875 0.37916666666666665 0.14791666666666667 0.09166666666666666
1 0.30494791666666665 0.8824074074074074 0.0390625 0.2351851851851852
0 0.21927083333333333 0.7800925925925926 0.03125 0.0824074074074074
2 0.16875 0.8004629629629629 0.07395833333333333 0.1675925925925926
