0 0.3455729166666667 0.06157407407407407 0.058854166666666666 0.19722222222222222
2 0.39947916666666666 -0.14074074074074075 0.08958333333333333 0.11851851851851852
0 0.43072916666666666 0.023148148148148147 0.053125 0.20185185185185187
0 0.4765625 -0.05092592592592592 0.13020833333333334 0.08703703703703704
0 0.48046875 0.05555555555555555 0.1015625 0.08518518518518518
1 0.6638020833333333 -0.07175925925925926 0.09947916666666666 0.17685185185185184
0 0.44557291666666665 0.3236111111111111 0.10260416666666666 0.1398148148148148
0 0.49947916666666664 0.31851851851851853 0.05 0.2611111111111111
0 0.54609375 0.5662037037037037 0.03177083333333333 0.0712962962962963
0 0.5973958333333333 0.5722222222222222 0.11354166666666667 0.1962962962962963
1 0.26927083333333335 0.7550925925925925 0.10104166666666667 0.09537037037037037
1 0.3776041666666667 1.1175925925925927 0.10729166666666666 0.1425925925925926
0 0.3653645833333333 1.0310185185185186 0.09427083333333333 0.11944444444444445
0 0.31145833333333334 0.862037037037037 0.06979166666666667 0.2
0 0.36666666666666664 0.8319444444444445 0.134375 0.11388888888888889
0 0.39140625 0.9388888888888889 0.09114583333333333 0.08518518518518518
0 0.4315104166666667 0.9120370370370371 0.0515625 0.26296296296296295
1 0.7145833333333333 0.8476851851851852 0.13229166666666667 0.06944444444444445
0 0.65703125 1.0 0.04635416666666667 0.05555555555555555
2 0.6684895833333333 1.0898148148148148 0.09427083333333333 0.13148148148148148
