0 0.25338541666666664 0.774537037037037 0.1109375 0.10462962962962963
2 0.13958333333333334 0.6787037037037037 0.06666666666666667 0.15925925925925927
0 0.23177083333333334 0.6231481481481481 0.11354166666666667 0.09444444444444444
0 0.19010416666666666 0.5416666666666666 0.04895833333333333 0.23148148148148148
0 0.25 0.5347222222222222 0.04791666666666667 0.18055555555555555
1 0.17838541666666666 0.20879629629629629 0.09947916666666666 0.17685185185185184
0 0.40078125 0.5967592592592592 0.07864583333333333 0.1824074074074074
0 0.39791666666666664 0.5009259259259259 0.146875 0.08888888888888889
0 0.5372395833333333 0.41805555555555557 0.04010416666666667 0.05648148148148148
0 0.540625 0.32685185185185184 0.11041666666666666 0.20185185185185187
1 0.6434895833333333 0.9101851851851852 0.05364583333333333 0.17962962962962964
1 0.8473958333333333 0.7175925925925926 0.08020833333333334 0.19074074074074074
0 0.7986979166666667 0.7393518518518518 0.0671875 0.1675925925925926
0 0.7036458333333333 0.8351851851851851 0.1125 0.12407407407407407
0 0.68671875 0.737037037037037 0.0640625 0.2388888888888889
0 0.746875 0.6930555555555555 0.04791666666666667 0.16203703703703703
0 0.7317708333333334 0.6217592592592592 0.14791666666666667 0.09166666666666666
1 0.6955729166666667 0.11851851851851852 0.0390625 0.2351851851851852
0 0.78125 0.22083333333333333 0.03125 0.0824074074074074
2 0.8317708333333333 0.20046296296296295 0.07395833333333333 0.1675925925925926
