0 0.3455729166666667 0.9393518518518519 0.058854166666666666 0.19722222222222222
2 0.39947916666666666 1.1416666666666666 0.08958333333333333 0.11851851851851852
0 0.43072916666666666 0.9777777777777777 0.053125 0.20185185185185187
0 0.4765625 1.0518518518518518 0.13020833333333334 0.08703703703703704
0 0.48046875 0.9453703703703704 0.1015625 0.08518518518518518
1 0.6638020833333333 1.072685185185185 0.09947916666666666 0.17685185185185184
0 0.44557291666666665 0.6773148148148148 0.10260416666666666 0.1398148148148148
0 0.49947916666666664 0.6824074074074075 0.05 0.2611111111111111
0 0.54609375 0.43472222222222223 0.03177083333333333 0.0712962962962963
0 0.5973958333333333 0.4287037037037037 0.11354166666666667 0.1962962962962963
1 0.26927083333333335 0.24537037037037038 0.10104166666666667 0.0962962962962963
1 0.3776041666666667 -0.11666666666666667 0.10729166666666666 0.1425925925925926
0 0.3653645833333333 -0.03009259259259259 0.09427083333333333 0.11944444444444445
0 0.31145833333333334 0.1388888888888889 0.06979166666666667 0.2
0 0.36666666666666664 0.16898148148148148 0.134375 0.11388888888888889
0 0.39140625 0.062037037037037036 0.09114583333333333 0.08518518518518518
0 0.4315104166666667 0.08888888888888889 0.0515625 0.26296296296296295
1 0.7145833333333333 0.15324074074074073 0.13229166666666667 0.06944444444444445
0 0.65703125 0.000925925925925926 0.04635416666666667 0.05555555555555555
2 0.6684895833333333 -0.08888888888888889 0.09427083333333333 0.13148148148148148
