0 0.25078125 0.7754629629629629 0.10885416666666667 0.10277777777777777
1 0.14140625 0.6763888888888889 0.06510416666666667 0.14351851851851852
0 0.22994791666666667 0.6217592592592592 0.1171875 0.09351851851851851
0 0.19036458333333334 0.5421296296296296 0.0484375 0.2324074074074074
0 0.25052083333333336 0.5333333333333333 0.046875 0.1814814814814815
1 0.17942708333333332 0.21157407407407408 0.09739583333333333 0.16574074074074074
0 0.4005208333333333 0.6018518518518519 0.078125 0.17777777777777778
0 0.3966145833333333 0.5041666666666667 0.14947916666666666 0.10092592592592593
0 0.5395833333333333 0.4148148148148148 0.040625 0.06296296296296296
0 0.5388020833333333 0.32546296296296295 0.10989583333333333 0.19537037037037036
1 0.6440104166666667 0.9115740740740741 0.05260416666666667 0.175
1 0.8510416666666667 0.7166666666666667 0.08020833333333334 0.18888888888888888
1 0.6971354166666667 0.11944444444444445 0.0359375 0.23703703703703705
0 0.7052083333333333 0.8407407407407408 0.11354166666666667 0.12222222222222222
0 0.7994791666666666 0.7393518518518518 0.06875 0.16944444444444445
0 0.6854166666666667 0.7384259259259259 0.06354166666666666 0.24537037037037038
0 0.7484375 0.6939814814814815 0.04791666666666667 0.16203703703703703
0 0.7361979166666667 0.6217592592592592 0.14739583333333334 0.09907407407407408
0 0.78125 0.2212962962962963 0.028125 0.07407407407407407
2 0.8322916666666667 0.20092592592592592 0.075 0.1685185185185185
