0 0.7497395833333333 0.22546296296296298 0.10885416666666667 0.10277777777777777
1 0.8591145833333333 0.324537037037037 0.06510416666666667 0.14351851851851852
0 0.7705729166666667 0.37916666666666665 0.1171875 0.09351851851851851
0 0.81015625 0.4587962962962963 0.0484375 0.2324074074074074
0 0.75 0.4675925925925926 0.046875 0.1814814814814815
1 0.82109375 0.7893518518518519 0.09739583333333333 0.16574074074074074
0 0.6 0.3990740740740741 0.078125 0.17777777777777778
0 0.60390625 0.49675925925925923 0.14947916666666666 0.10092592592592593
0 0.4609375 0.5861111111111111 0.040625 0.06296296296296296
0 0.46171875 0.6754629629629629 0.10989583333333333 0.19537037037037036
1 0.35651041666666666 0.08935185185185185 0.05260416666666667 0.175
1 0.14947916666666666 0.28425925925925927 0.08020833333333334 0.18888888888888888
1 0.3033854166666667 0.8814814814814815 0.0359375 0.23703703703703705
0 0.2953125 0.16018518518518518 0.11354166666666667 0.12222222222222222
0 0.20104166666666667 0.26157407407407407 0.06875 0.16944444444444445
0 0.3151041666666667 0.2625 0.06354166666666666 0.24537037037037038
0 0.2520833333333333 0.30694444444444446 0.04791666666666667 0.16203703703703703
0 0.2643229166666667 0.37916666666666665 0.14739583333333334 0.09907407407407408
0 0.21927083333333333 0.7796296296296297 0.028125 0.07407407407407407
2 0.16822916666666668 0.8 0.075 0.1685185185185185
