0 0.3450520833333333 0.05694444444444444 0.0578125 0.1935185185185185
1 0.40078125 -0.1375 0.08072916666666667 0.11574074074074074
0 0.4315104166666667 0.01990740740740741 0.05260416666666667 0.20833333333333334
0 0.47630208333333335 -0.050462962962962966 0.13072916666666667 0.08611111111111111
0 0.48125 0.05648148148148148 0.10208333333333333 0.08333333333333333
1 0.6622395833333333 -0.0699074074074074 0.09322916666666667 0.17314814814814813
0 0.4427083333333333 0.32314814814814813 0.1 0.1388888888888889
0 0.49765625 0.3162037037037037 0.05677083333333333 0.2657407407407407
0 0.5479166666666667 0.5703703703703704 0.035416666666666666 0.07222222222222222
0 0.5981770833333333 0.5689814814814815 0.10989583333333333 0.19537037037037036
1 0.26848958333333334 0.7560185185185185 0.0984375 0.09351851851851851
1 0.378125 1.124074074074074 0.10625 0.1425925925925926
1 0.7140625 0.850462962962963 0.13333333333333333 0.06388888888888888
0 0.30833333333333335 0.8648148148148148 0.06875 0.20185185185185187
0 0.3653645833333333 1.0324074074074074 0.0953125 0.12222222222222222
0 0.3658854166666667 0.8296296296296296 0.13802083333333334 0.11296296296296296
0 0.39088541666666665 0.9416666666666667 0.09114583333333333 0.08518518518518518
0 0.4315104166666667 0.9199074074074074 0.05572916666666667 0.262037037037037
0 0.6567708333333333 1.0 0.041666666666666664 0.05
2 0.6682291666666667 1.0907407407407408 0.09479166666666666 0.13333333333333333
