0 0.34296875 0.060648148148148145 0.0578125 0.20092592592592592
0 0.4296875 0.020370370370370372 0.053125 0.2074074074074074
0 0.47552083333333334 -0.05 0.13020833333333334 0.08518518518518518
0 0.4796875 0.05648148148148148 0.10416666666666667 0.08888888888888889
2 0.39817708333333335 -0.13935185185185187 0.08177083333333333 0.10648148148148148
1 0.6575520833333334 -0.06574074074074074 0.08802083333333334 0.1685185185185185
0 0.44296875 0.32731481481481484 0.1046875 0.1361111111111111
0 0.49557291666666664 0.31851851851851853 0.0546875 0.2611111111111111
0 0.5442708333333334 0.5657407407407408 0.035416666666666666 0.07037037037037037
0 0.59609375 0.5745370370370371 0.11302083333333333 0.19722222222222222
1 0.26875 0.7671296296296296 0.09895833333333333 0.11203703703703703
1 0.37916666666666665 1.1277777777777778 0.10208333333333333 0.15925925925925927
0 0.3059895833333333 0.8643518518518518 0.06822916666666666 0.20277777777777778
0 0.3658854166666667 0.8351851851851851 0.14114583333333333 0.10555555555555556
0 0.3890625 0.9476851851851852 0.09166666666666666 0.09351851851851851
0 0.43020833333333336 0.9208333333333333 0.057291666666666664 0.2638888888888889
0 0.36302083333333335 1.035648148148148 0.09479166666666666 0.12129629629629629
0 0.7122395833333334 0.8513888888888889 0.13697916666666668 0.06944444444444445
0 0.6505208333333333 1.0060185185185184 0.05416666666666667 0.05462962962962963
2 0.66796875 1.0962962962962963 0.09635416666666667 0.13148148148148148
