0 0.74765625 0.22175925925925927 0.11302083333333333 0.10277777777777777
0 0.7703125 0.37592592592592594 0.11666666666666667 0.09444444444444444
0 0.8098958333333334 0.45740740740740743 0.04791666666666667 0.23148148148148148
0 0.75 0.4648148148148148 0.05 0.18518518518518517
2 0.86015625 0.3199074074074074 0.059895833333333336 0.14537037037037037
1 0.81875 0.7810185185185186 0.09479166666666666 0.15648148148148147
0 0.59765625 0.399537037037037 0.0765625 0.18611111111111112
0 0.6026041666666667 0.4930555555555556 0.146875 0.09722222222222222
0 0.4635416666666667 0.5796296296296296 0.03958333333333333 0.06296296296296296
0 0.45859375 0.6717592592592593 0.1109375 0.20092592592592592
1 0.3502604166666667 0.08981481481481482 0.06302083333333333 0.17592592592592593
1 0.14739583333333334 0.2861111111111111 0.08958333333333333 0.1814814814814815
0 0.2955729166666667 0.15601851851851853 0.1140625 0.12129629629629629
0 0.31197916666666664 0.2625 0.059375 0.25092592592592594
0 0.24869791666666666 0.3037037037037037 0.05260416666666667 0.16296296296296298
0 0.2638020833333333 0.3768518518518518 0.1484375 0.10185185185185185
0 0.19921875 0.2574074074074074 0.06822916666666666 0.1685185185185185
0 0.3028645833333333 0.8782407407407408 0.0390625 0.24351851851851852
0 0.21588541666666666 0.7685185185185185 0.030729166666666665 0.0962962962962963
2 0.16510416666666666 0.799537037037037 0.07395833333333333 0.1712962962962963
