0 0.6565104166666667 0.9402777777777778 0.0578125 0.20092592592592592
0 0.5697916666666667 0.9805555555555555 0.053125 0.2074074074074074
0 0.5239583333333333 1.0509259259259258 0.13020833333333334 0.08518518518518518
0 0.5197916666666667 0.9444444444444444 0.10416666666666667 0.08888888888888889
2 0.6013020833333333 1.1402777777777777 0.08177083333333333 0.10648148148148148
1 0.3419270833333333 1.0666666666666667 0.08802083333333334 0.1685185185185185
0 0.5565104166666667 0.6736111111111112 0.1046875 0.1361111111111111
0 0.50390625 0.6824074074074075 0.0546875 0.2611111111111111
0 0.4552083333333333 0.4351851851851852 0.035416666666666666 0.07037037037037037
0 0.40338541666666666 0.4263888888888889 0.11302083333333333 0.19722222222222222
1 0.7307291666666667 0.2337962962962963 0.09895833333333333 0.11203703703703703
1 0.6203125 -0.12685185185185185 0.10208333333333333 0.15925925925925927
0 0.6934895833333333 0.13657407407407407 0.06822916666666666 0.20277777777777778
0 0.63359375 0.16574074074074074 0.14114583333333333 0.10555555555555556
0 0.6104166666666667 0.05324074074074074 0.09166666666666666 0.09351851851851851
0 0.5692708333333333 0.08009259259259259 0.057291666666666664 0.2638888888888889
0 0.6364583333333333 -0.034722222222222224 0.09479166666666666 0.12129629629629629
0 0.2872395833333333 0.14907407407407408 0.13697916666666668 0.07037037037037037
0 0.3489583333333333 -0.005092592592592593 0.05416666666666667 0.05462962962962963
2 0.33151041666666664 -0.09537037037037037 0.09635416666666667 0.13148148148148148
