0 0.25286458333333334 0.7791666666666667 0.11302083333333333 0.10277777777777777
0 0.23020833333333332 0.625 0.11666666666666667 0.09444444444444444
0 0.190625 0.5435185185185185 0.04791666666666667 0.23148148148148148
0 0.25052083333333336 0.5361111111111111 0.05 0.18518518518518517
2 0.14036458333333332 0.6810185185185185 0.059895833333333336 0.14537037037037037
1 0.18177083333333333 0.2199074074074074 0.09479166666666666 0.15648148148148147
0 0.40286458333333336 0.6013888888888889 0.0765625 0.18611111111111112
0 0.39791666666666664 0.5078703703703704 0.146875 0.09722222222222222
0 0.5369791666666667 0.4212962962962963 0.03958333333333333 0.06296296296296296
0 0.5419270833333333 0.32916666666666666 0.1109375 0.20092592592592592
1 0.6502604166666667 0.9111111111111111 0.06302083333333333 0.17592592592592593
1 0.853125 0.7148148148148148 0.08958333333333333 0.1814814814814815
0 0.7049479166666667 0.8449074074074074 0.1140625 0.12129629629629629
0 0.6885416666666667 0.7384259259259259 0.059375 0.25092592592592594
0 0.7518229166666667 0.6972222222222222 0.05260416666666667 0.16296296296296298
0 0.73671875 0.6240740740740741 0.1484375 0.10185185185185185
0 0.8013020833333333 0.7435185185185185 0.06822916666666666 0.1685185185185185
0 0.69765625 0.12268518518518519 0.0390625 0.24351851851851852
0 0.7846354166666667 0.2324074074074074 0.030729166666666665 0.0962962962962963
2 0.8354166666666667 0.2013888888888889 0.07395833333333333 0.1712962962962963
