2 0.3963541666666667 -0.12037037037037036 0.08229166666666667 0.10740740740740741
0 0.34817708333333336 0.07268518518518519 0.0578125 0.18796296296296297
0 0.47265625 -0.02962962962962963 0.1234375 0.08333333333333333
2 0.6578125 -0.024074074074074074 0.11666666666666667 0.1037037037037037
0 0.4765625 0.06712962962962964 0.09479166666666666 0.075
1 0.4427083333333333 0.3300925925925926 0.09583333333333334 0.1398148148148148
0 0.4979166666666667 0.3226851851851852 0.05 0.24351851851851852
1 0.5296875 0.5541666666666667 0.06145833333333333 0.06574074074074074
0 0.59375 0.5615740740740741 0.10416666666666667 0.19166666666666668
0 0.62265625 0.6324074074074074 0.0265625 0.04814814814814815
1 0.7145833333333333 0.9046296296296297 0.07083333333333333 0.14629629629629629
1 0.6328125 0.7518518518518519 0.03333333333333333 0.12222222222222222
0 0.6588541666666666 1.0685185185185184 0.096875 0.12222222222222222
1 0.29635416666666664 0.7111111111111111 0.10625 0.09259259259259259
1 0.31354166666666666 0.8574074074074074 0.06875 0.19444444444444445
1 0.37135416666666665 0.8240740740740741 0.13229166666666667 0.10925925925925926
0 0.39427083333333335 0.9296296296296296 0.084375 0.07777777777777778
1 0.45729166666666665 1.098148148148148 0.078125 0.13703703703703704
1 0.37161458333333336 1.036574074074074 0.0890625 0.14907407407407408
1 0.43515625 0.9013888888888889 0.05572916666666667 0.2564814814814815
