2 0.8494791666666667 0.31666666666666665 0.06041666666666667 0.14629629629629629
0 0.7408854166666666 0.2310185185185185 0.10572916666666667 0.10277777777777777
0 0.7984375 0.45231481481481484 0.046875 0.21944444444444444
2 0.7953125 0.7814814814814814 0.058333333333333334 0.2074074074074074
0 0.7440104166666667 0.45925925925925926 0.0421875 0.1685185185185185
1 0.59609375 0.3990740740740741 0.07864583333333333 0.17037037037037037
0 0.6002604166666666 0.49722222222222223 0.13697916666666668 0.08888888888888889
1 0.4700520833333333 0.5537037037037037 0.03697916666666667 0.10925925925925926
0 0.46588541666666666 0.6675925925925926 0.1078125 0.18518518518518517
0 0.42604166666666665 0.7189814814814814 0.027083333333333334 0.04722222222222222
1 0.27291666666666664 0.8824074074074074 0.08229166666666667 0.1259259259259259
1 0.35885416666666664 0.737037037037037 0.06875 0.05925925925925926
0 0.18072916666666666 0.7833333333333333 0.06875 0.17222222222222222
1 0.38177083333333334 0.1388888888888889 0.052083333333333336 0.18888888888888888
1 0.2994791666666667 0.16944444444444445 0.109375 0.12222222222222222
1 0.3182291666666667 0.2722222222222222 0.06145833333333333 0.2351851851851852
0 0.25885416666666666 0.31296296296296294 0.04375 0.15
1 0.1640625 0.425 0.07708333333333334 0.1388888888888889
1 0.19869791666666667 0.2726851851851852 0.08385416666666666 0.15833333333333333
1 0.2747395833333333 0.38564814814814813 0.14427083333333332 0.09907407407407408
