2 0.603125 1.1212962962962962 0.08229166666666667 0.10740740740740741
0 0.6513020833333333 0.9282407407407407 0.0578125 0.18796296296296297
0 0.5268229166666667 1.0305555555555554 0.1234375 0.08333333333333333
2 0.3416666666666667 1.025 0.11666666666666667 0.1037037037037037
0 0.5229166666666667 0.9337962962962963 0.09479166666666666 0.075
1 0.5567708333333333 0.6708333333333333 0.09583333333333334 0.1398148148148148
0 0.5015625 0.6782407407407407 0.05 0.24351851851851852
1 0.46979166666666666 0.44675925925925924 0.06145833333333333 0.06574074074074074
0 0.40572916666666664 0.4393518518518518 0.10416666666666667 0.19166666666666668
0 0.3768229166666667 0.3685185185185185 0.0265625 0.04814814814814815
1 0.28489583333333335 0.0962962962962963 0.07083333333333333 0.14629629629629629
1 0.36666666666666664 0.2490740740740741 0.03333333333333333 0.12222222222222222
0 0.340625 -0.06759259259259259 0.096875 0.12222222222222222
1 0.703125 0.2898148148148148 0.10625 0.09259259259259259
1 0.6859375 0.14351851851851852 0.06875 0.19444444444444445
1 0.628125 0.17685185185185184 0.13229166666666667 0.10925925925925926
0 0.6052083333333333 0.0712962962962963 0.084375 0.07777777777777778
1 0.5421875 -0.09722222222222222 0.078125 0.13703703703703704
1 0.6278645833333333 -0.03564814814814815 0.0890625 0.14907407407407408
1 0.5643229166666667 0.09953703703703703 0.05572916666666667 0.2564814814814815
