0 0.2484375 0.2152777777777778 0.109375 0.10462962962962963
2 0.13776041666666666 0.3162037037037037 0.0671875 0.14351851851851852
0 0.2265625 0.3662037037037037 0.11770833333333333 0.09351851851851851
0 0.18567708333333333 0.44814814814814813 0.049479166666666664 0.23703703703703705
0 0.24583333333333332 0.45787037037037037 0.04791666666666667 0.18611111111111112
1 0.17760416666666667 0.774074074074074 0.09270833333333334 0.15555555555555556
0 0.39765625 0.3912037037037037 0.07552083333333333 0.1787037037037037
0 0.3932291666666667 0.4888888888888889 0.14479166666666668 0.0962962962962963
0 0.53515625 0.5699074074074074 0.0359375 0.062037037037037036
0 0.5408854166666667 0.662962962962963 0.11614583333333334 0.2037037037037037
1 0.65078125 0.0837962962962963 0.06822916666666666 0.16203703703703703
1 0.85546875 0.2828703703703704 0.0984375 0.17685185185185184
1 0.69375 0.874537037037037 0.03854166666666667 0.25092592592592594
0 0.7020833333333333 0.14953703703703702 0.11458333333333333 0.12314814814814815
0 0.68515625 0.2523148148148148 0.0640625 0.24166666666666667
0 0.7463541666666667 0.2953703703703704 0.051041666666666666 0.16111111111111112
0 0.7973958333333333 0.25092592592592594 0.071875 0.1685185185185185
0 0.73359375 0.36898148148148147 0.14947916666666666 0.09907407407407408
2 0.8309895833333333 0.7907407407407407 0.0765625 0.17037037037037037
0 0.7799479166666666 0.7759259259259259 0.0328125 0.07407407407407407
