0 0.33932291666666664 0.05277777777777778 0.058854166666666666 0.19444444444444445
2 0.39609375 -0.1439814814814815 0.08072916666666667 0.11944444444444445
0 0.42421875 0.013888888888888888 0.05260416666666667 0.20925925925925926
0 0.4703125 -0.0587962962962963 0.13333333333333333 0.08796296296296297
0 0.47578125 0.04814814814814815 0.1046875 0.08518518518518518
1 0.6536458333333334 -0.07314814814814814 0.0875 0.1648148148148148
0 0.43828125 0.31805555555555554 0.10052083333333334 0.13425925925925927
0 0.49322916666666666 0.3101851851851852 0.05416666666666667 0.2574074074074074
0 0.5388020833333333 0.5625 0.034895833333333334 0.06388888888888888
0 0.5911458333333334 0.5726851851851852 0.11458333333333333 0.2064814814814815
1 0.26536458333333335 0.7680555555555556 0.09114583333333333 0.12129629629629629
1 0.37734375 1.1319444444444444 0.09947916666666666 0.175
1 0.71015625 0.8444444444444444 0.14114583333333333 0.06851851851851852
0 0.30234375 0.8592592592592593 0.06927083333333334 0.2037037037037037
0 0.36015625 0.8291666666666667 0.1359375 0.11388888888888889
0 0.384375 0.937962962962963 0.090625 0.09074074074074075
0 0.359375 1.0287037037037037 0.09479166666666666 0.12777777777777777
0 0.42578125 0.9152777777777777 0.05572916666666667 0.2657407407407407
2 0.6630208333333333 1.088425925925926 0.09583333333333334 0.1361111111111111
0 0.6546875 0.9976851851851852 0.041666666666666664 0.058333333333333334
