0 0.66015625 0.9481481481481482 0.058854166666666666 0.19444444444444445
2 0.6033854166666667 1.1449074074074075 0.08072916666666667 0.11944444444444445
0 0.5752604166666667 0.987037037037037 0.05260416666666667 0.20925925925925926
0 0.5291666666666667 1.0597222222222222 0.13333333333333333 0.08796296296296297
0 0.5236979166666667 0.9527777777777777 0.1046875 0.08518518518518518
1 0.3458333333333333 1.0740740740740742 0.0875 0.1648148148148148
0 0.5611979166666666 0.6828703703703703 0.10052083333333334 0.13425925925925927
0 0.50625 0.6907407407407408 0.05416666666666667 0.2574074074074074
0 0.46067708333333335 0.43842592592592594 0.034895833333333334 0.06388888888888888
0 0.4083333333333333 0.42824074074074076 0.11458333333333333 0.2064814814814815
1 0.7341145833333333 0.23287037037037037 0.09114583333333333 0.12129629629629629
1 0.6221354166666667 -0.1310185185185185 0.09947916666666666 0.175
1 0.28932291666666665 0.15601851851851853 0.14114583333333333 0.06944444444444445
0 0.6971354166666667 0.14166666666666666 0.06927083333333334 0.2037037037037037
0 0.6393229166666666 0.17175925925925925 0.1359375 0.11388888888888889
0 0.6151041666666667 0.06296296296296296 0.090625 0.09074074074074075
0 0.6401041666666667 -0.027777777777777776 0.09479166666666666 0.12777777777777777
0 0.5736979166666667 0.08564814814814815 0.05572916666666667 0.2657407407407407
2 0.33645833333333336 -0.0875 0.09583333333333334 0.1361111111111111
0 0.34479166666666666 0.0032407407407407406 0.041666666666666664 0.058333333333333334
