0 0.7544270833333333 0.20925925925925926 0.1109375 0.1037037037037037
2 0.865625 0.30972222222222223 0.06666666666666667 0.14537037037037037
0 0.7768229166666667 0.3611111111111111 0.11822916666666666 0.09074074074074075
0 0.8169270833333333 0.4449074074074074 0.049479166666666664 0.2324074074074074
0 0.75625 0.4537037037037037 0.051041666666666666 0.18888888888888888
1 0.8294270833333334 0.7675925925925926 0.10364583333333334 0.15555555555555556
0 0.6036458333333333 0.3888888888888889 0.075 0.1962962962962963
0 0.609375 0.4828703703703704 0.14895833333333333 0.09537037037037037
0 0.46875 0.5685185185185185 0.04375 0.06296296296296296
0 0.4625 0.663425925925926 0.11458333333333333 0.2101851851851852
1 0.3497395833333333 0.08055555555555556 0.0734375 0.15925925925925927
1 0.14765625 0.28888888888888886 0.09114583333333333 0.17592592592592593
0 0.2989583333333333 0.1476851851851852 0.115625 0.125
0 0.20234375 0.24675925925925926 0.0703125 0.17314814814814813
0 0.31640625 0.25 0.06510416666666667 0.2462962962962963
0 0.25494791666666666 0.29305555555555557 0.04739583333333333 0.16574074074074074
0 0.26614583333333336 0.3685185185185185 0.15104166666666666 0.1
1 0.30703125 0.8726851851851852 0.0359375 0.25462962962962965
0 0.2203125 0.7648148148148148 0.036458333333333336 0.08888888888888889
2 0.16979166666666667 0.7870370370370371 0.078125 0.17407407407407408
