0 0.24609375 0.7916666666666666 0.1109375 0.1037037037037037
2 0.13489583333333333 0.6912037037037037 0.06666666666666667 0.14537037037037037
0 0.22369791666666666 0.6398148148148148 0.11822916666666666 0.09074074074074075
0 0.18359375 0.5560185185185185 0.049479166666666664 0.2324074074074074
0 0.24427083333333333 0.5472222222222223 0.051041666666666666 0.18888888888888888
1 0.17109375 0.23333333333333334 0.10364583333333334 0.15555555555555556
0 0.396875 0.612037037037037 0.075 0.1962962962962963
0 0.39114583333333336 0.5180555555555556 0.14895833333333333 0.09537037037037037
0 0.5317708333333333 0.4324074074074074 0.04375 0.06296296296296296
0 0.5380208333333333 0.3375 0.11458333333333333 0.2101851851851852
1 0.65078125 0.9203703703703704 0.0734375 0.15925925925925927
1 0.8528645833333334 0.712037037037037 0.09114583333333333 0.17592592592592593
0 0.7015625 0.8532407407407407 0.115625 0.125
0 0.7981770833333334 0.7541666666666667 0.0703125 0.17314814814814813
0 0.6841145833333333 0.7509259259259259 0.06510416666666667 0.2462962962962963
0 0.7455729166666667 0.7078703703703704 0.04739583333333333 0.16574074074074074
0 0.734375 0.6324074074074074 0.15104166666666666 0.1
1 0.6934895833333333 0.12824074074074074 0.0359375 0.25462962962962965
0 0.7802083333333333 0.2361111111111111 0.036458333333333336 0.08888888888888889
2 0.8307291666666666 0.21388888888888888 0.078125 0.17407407407407408
