0 0.3359375 0.04861111111111111 0.058333333333333334 0.19722222222222222
2 0.3924479166666667 -0.14907407407407408 0.08177083333333333 0.11851851851851852
0 0.42135416666666664 0.008796296296296297 0.051041666666666666 0.2101851851851852
0 0.46848958333333335 -0.0625 0.13072916666666667 0.08796296296296297
0 0.4734375 0.04537037037037037 0.10625 0.09074074074074075
1 0.65 -0.08472222222222223 0.0875 0.18425925925925926
0 0.43697916666666664 0.31666666666666665 0.11041666666666666 0.13333333333333333
0 0.48984375 0.30648148148148147 0.05364583333333333 0.26481481481481484
0 0.5380208333333333 0.5564814814814815 0.035416666666666666 0.07777777777777778
0 0.59140625 0.5675925925925925 0.11822916666666666 0.2037037037037037
1 0.2635416666666667 0.7680555555555556 0.08958333333333333 0.13055555555555556
1 0.3807291666666667 1.1273148148148149 0.09895833333333333 0.16203703703703703
0 0.30104166666666665 0.8583333333333333 0.07083333333333333 0.20555555555555555
0 0.35703125 1.0300925925925926 0.09739583333333333 0.125
0 0.35885416666666664 0.8273148148148148 0.13854166666666667 0.11574074074074074
0 0.38307291666666665 0.9365740740740741 0.09322916666666667 0.08425925925925926
0 0.42552083333333335 0.9166666666666666 0.05625 0.26851851851851855
1 0.7091145833333333 0.8439814814814814 0.14322916666666666 0.06388888888888888
0 0.6484375 0.9981481481481481 0.05 0.06481481481481481
2 0.6609375 1.087962962962963 0.09791666666666667 0.1388888888888889
