0 0.6635416666666667 0.9523148148148148 0.058333333333333334 0.19722222222222222
2 0.60703125 1.15 0.08177083333333333 0.11851851851851852
0 0.578125 0.9921296296296296 0.051041666666666666 0.2101851851851852
0 0.5309895833333333 1.063425925925926 0.13072916666666667 0.08796296296296297
0 0.5260416666666666 0.9555555555555556 0.10625 0.09074074074074075
1 0.3494791666666667 1.0856481481481481 0.0875 0.18425925925925926
0 0.5625 0.6842592592592592 0.11041666666666666 0.13333333333333333
0 0.5096354166666667 0.6944444444444444 0.05364583333333333 0.26481481481481484
0 0.46145833333333336 0.4444444444444444 0.035416666666666666 0.07777777777777778
0 0.4080729166666667 0.43333333333333335 0.11822916666666666 0.2037037037037037
1 0.7359375 0.23287037037037037 0.08958333333333333 0.13055555555555556
1 0.61875 -0.12638888888888888 0.09895833333333333 0.16203703703703703
0 0.6981770833333333 0.1425925925925926 0.0703125 0.20555555555555555
0 0.6424479166666667 -0.029166666666666667 0.09739583333333333 0.125
0 0.640625 0.1736111111111111 0.13854166666666667 0.11574074074074074
0 0.61640625 0.06435185185185185 0.09322916666666667 0.08425925925925926
0 0.5739583333333333 0.08425925925925926 0.05625 0.26851851851851855
1 0.2903645833333333 0.15648148148148147 0.14322916666666666 0.06481481481481481
0 0.35104166666666664 0.002777777777777778 0.05 0.06481481481481481
2 0.3385416666666667 -0.08703703703703704 0.09791666666666667 0.1388888888888889
