0 0.33098958333333334 0.050462962962962966 0.058854166666666666 0.18981481481481483
2 0.3859375 -0.14444444444444443 0.08020833333333334 0.11666666666666667
0 0.41822916666666665 0.01574074074074074 0.052083333333333336 0.21296296296296297
0 0.46640625 -0.05555555555555555 0.13072916666666667 0.08888888888888889
0 0.46927083333333336 0.05324074074074074 0.10416666666666667 0.08796296296296297
1 0.64453125 -0.08472222222222223 0.0828125 0.20092592592592592
0 0.43359375 0.3189814814814815 0.10052083333333334 0.14166666666666666
0 0.48723958333333334 0.3106481481481482 0.0515625 0.2638888888888889
0 0.53515625 0.5606481481481481 0.033854166666666664 0.06944444444444445
0 0.58515625 0.5680555555555555 0.1140625 0.19722222222222222
1 0.2625 0.774074074074074 0.0875 0.13518518518518519
1 0.3815104166666667 1.1217592592592593 0.0890625 0.15462962962962962
0 0.7072916666666667 0.8467592592592592 0.146875 0.07685185185185185
0 0.29739583333333336 0.8597222222222223 0.07083333333333333 0.20833333333333334
0 0.35442708333333334 0.8291666666666667 0.1359375 0.11388888888888889
0 0.3546875 1.0305555555555554 0.096875 0.12407407407407407
0 0.3809895833333333 0.9365740740740741 0.0921875 0.08981481481481482
0 0.4231770833333333 0.913425925925926 0.0578125 0.2675925925925926
0 0.6442708333333333 0.9990740740740741 0.046875 0.06111111111111111
2 0.65546875 1.0902777777777777 0.0953125 0.13425925925925927
