0 0.24713541666666666 0.20046296296296295 0.10677083333333333 0.10462962962962963
2 0.1375 0.29814814814814816 0.065625 0.1425925925925926
0 0.22760416666666666 0.35555555555555557 0.11979166666666667 0.09259259259259259
0 0.1875 0.4412037037037037 0.05 0.2324074074074074
0 0.24869791666666666 0.4462962962962963 0.049479166666666664 0.18518518518518517
1 0.17109375 0.7578703703703704 0.11302083333333333 0.14722222222222223
0 0.39817708333333335 0.38287037037037036 0.0796875 0.1787037037037037
0 0.39348958333333334 0.47824074074074074 0.1484375 0.09166666666666666
0 0.5341145833333333 0.5634259259259259 0.0390625 0.06018518518518518
0 0.53828125 0.6523148148148148 0.1109375 0.20277777777777778
1 0.6541666666666667 0.0787037037037037 0.07604166666666666 0.15555555555555556
1 0.8497395833333333 0.2902777777777778 0.08697916666666666 0.15833333333333333
0 0.6950520833333333 0.8694444444444445 0.043229166666666666 0.2611111111111111
0 0.70234375 0.1412037037037037 0.1171875 0.125
0 0.68515625 0.24212962962962964 0.0640625 0.24166666666666667
0 0.7984375 0.24259259259259258 0.06979166666666667 0.17222222222222222
0 0.7455729166666667 0.28935185185185186 0.050520833333333334 0.1638888888888889
0 0.7325520833333333 0.36435185185185187 0.15052083333333333 0.10277777777777777
0 0.7807291666666667 0.7574074074074074 0.034375 0.08333333333333333
2 0.83203125 0.7773148148148148 0.07552083333333333 0.16944444444444445
