0 0.7533854166666667 0.20046296296296295 0.10677083333333333 0.10462962962962963
2 0.8630208333333333 0.29814814814814816 0.065625 0.1425925925925926
0 0.7729166666666667 0.35555555555555557 0.11979166666666667 0.09259259259259259
0 0.8130208333333333 0.4412037037037037 0.05 0.2324074074074074
0 0.7518229166666667 0.4462962962962963 0.049479166666666664 0.18518518518518517
1 0.8294270833333334 0.7578703703703704 0.11302083333333333 0.14722222222222223
0 0.60234375 0.38287037037037036 0.0796875 0.1787037037037037
0 0.60703125 0.47824074074074074 0.1484375 0.09166666666666666
0 0.46640625 0.5634259259259259 0.0390625 0.06018518518518518
0 0.4622395833333333 0.6523148148148148 0.1109375 0.20277777777777778
1 0.3463541666666667 0.0787037037037037 0.07604166666666666 0.15555555555555556
1 0.15078125 0.2902777777777778 0.08697916666666666 0.15833333333333333
0 0.30546875 0.8694444444444445 0.043229166666666666 0.2611111111111111
0 0.2981770833333333 0.1412037037037037 0.1171875 0.125
0 0.31536458333333334 0.24212962962962964 0.0640625 0.24166666666666667
0 0.20208333333333334 0.24259259259259258 0.06979166666666667 0.17222222222222222
0 0.25494791666666666 0.28935185185185186 0.050520833333333334 0.1638888888888889
0 0.26796875 0.36435185185185187 0.15052083333333333 0.10277777777777777
0 0.21979166666666666 0.7574074074074074 0.034375 0.08333333333333333
2 0.16848958333333333 0.7773148148148148 0.07552083333333333 0.16944444444444445
