0 0.6684895833333333 0.950462962962963 0.058854166666666666 0.18981481481481483
2 0.6135416666666667 1.1453703703703704 0.08020833333333334 0.11666666666666667
0 0.58125 0.9851851851851852 0.052083333333333336 0.21296296296296297
0 0.5330729166666667 1.0564814814814816 0.13072916666666667 0.08888888888888889
0 0.5302083333333333 0.9476851851851852 0.10416666666666667 0.08796296296296297
1 0.35494791666666664 1.0856481481481481 0.0828125 0.20092592592592592
0 0.5658854166666667 0.6819444444444445 0.10052083333333334 0.14166666666666666
0 0.5122395833333333 0.6902777777777778 0.0515625 0.2638888888888889
0 0.46432291666666664 0.44027777777777777 0.033854166666666664 0.06944444444444445
0 0.41432291666666665 0.43287037037037035 0.1140625 0.19722222222222222
1 0.7369791666666666 0.22685185185185186 0.0875 0.13518518518518519
1 0.61796875 -0.12083333333333333 0.0890625 0.15462962962962962
0 0.2921875 0.1537037037037037 0.146875 0.07777777777777778
0 0.7018229166666666 0.1412037037037037 0.0703125 0.20833333333333334
0 0.6450520833333333 0.17175925925925925 0.1359375 0.11388888888888889
0 0.6447916666666667 -0.02962962962962963 0.096875 0.12407407407407407
0 0.6184895833333334 0.06435185185185185 0.0921875 0.08981481481481482
0 0.5763020833333333 0.0875 0.0578125 0.2675925925925926
0 0.35520833333333335 0.001851851851851852 0.046875 0.06111111111111111
2 0.34401041666666665 -0.08935185185185185 0.0953125 0.13425925925925927
