0 0.6684895833333333 0.9578703703703704 0.05677083333333333 0.19537037037037036
2 0.6106770833333334 1.1550925925925926 0.07864583333333333 0.10833333333333334
0 0.5828125 0.9962962962962963 0.052083333333333336 0.2074074074074074
0 0.5354166666666667 1.0689814814814815 0.13229166666666667 0.0824074074074074
0 0.5294270833333333 0.9578703703703704 0.10260416666666666 0.08611111111111111
0 0.35703125 1.1023148148148147 0.08072916666666667 0.20833333333333334
0 0.5643229166666667 0.6912037037037037 0.10677083333333333 0.13425925925925927
0 0.51484375 0.6990740740740741 0.05364583333333333 0.26851851851851855
0 0.4630208333333333 0.4527777777777778 0.03229166666666667 0.07777777777777778
0 0.41302083333333334 0.4398148148148148 0.11354166666666667 0.20555555555555555
1 0.7330729166666666 0.2324074074074074 0.08385416666666666 0.1425925925925926
0 0.29375 0.1648148148148148 0.15 0.07592592592592592
0 0.7020833333333333 0.1527777777777778 0.07083333333333333 0.20185185185185187
0 0.6427083333333333 0.18425925925925926 0.1375 0.11851851851851852
0 0.61953125 0.07361111111111111 0.09427083333333333 0.08611111111111111
0 0.6453125 -0.01898148148148148 0.09375 0.1287037037037037
1 0.61796875 -0.12638888888888888 0.08177083333333333 0.18611111111111112
0 0.36302083333333335 0.012037037037037037 0.059375 0.07037037037037037
2 0.34453125 -0.07592592592592592 0.09739583333333333 0.13148148148148148
0 0.578125 0.09861111111111111 0.053125 0.25833333333333336
