0 0.24296875 0.8004629629629629 0.10989583333333333 0.10092592592592593
2 0.13203125 0.6976851851851852 0.0609375 0.1398148148148148
0 0.22135416666666666 0.6481481481481481 0.11666666666666667 0.09259259259259259
0 0.18046875 0.5638888888888889 0.04635416666666667 0.2351851851851852
0 0.24296875 0.5532407407407407 0.0484375 0.1824074074074074
0 0.16171875 0.24675925925925926 0.1171875 0.14351851851851852
0 0.39296875 0.6152777777777778 0.07552083333333333 0.18981481481481483
0 0.3885416666666667 0.5273148148148148 0.15104166666666666 0.09537037037037037
0 0.5270833333333333 0.4351851851851852 0.04375 0.05740740740740741
0 0.534375 0.34629629629629627 0.115625 0.20185185185185187
1 0.6510416666666666 0.9152777777777777 0.08020833333333334 0.14907407407407408
0 0.6888020833333334 0.13425925925925927 0.0421875 0.26666666666666666
0 0.6958333333333333 0.8601851851851852 0.11354166666666667 0.1259259259259259
0 0.678125 0.7546296296296297 0.06666666666666667 0.24444444444444444
0 0.7403645833333333 0.7134259259259259 0.0484375 0.1675925925925926
0 0.7924479166666667 0.7592592592592593 0.07239583333333334 0.16666666666666666
1 0.8528645833333334 0.7106481481481481 0.1046875 0.14537037037037037
0 0.775 0.2574074074074074 0.03958333333333333 0.10555555555555556
2 0.8244791666666667 0.22453703703703703 0.07395833333333333 0.17314814814814813
0 0.7263020833333333 0.6398148148148148 0.1453125 0.09444444444444444
