0 0.33098958333333334 0.043055555555555555 0.05677083333333333 0.19537037037037036
2 0.3888020833333333 -0.15416666666666667 0.07864583333333333 0.10833333333333334
0 0.4166666666666667 0.004629629629629629 0.052083333333333336 0.2074074074074074
0 0.4640625 -0.06805555555555555 0.13229166666666667 0.0824074074074074
0 0.4700520833333333 0.043055555555555555 0.10260416666666666 0.08611111111111111
0 0.6424479166666667 -0.10138888888888889 0.08072916666666667 0.20833333333333334
0 0.43515625 0.30972222222222223 0.10677083333333333 0.13425925925925927
0 0.48463541666666665 0.30185185185185187 0.05364583333333333 0.26851851851851855
0 0.5364583333333334 0.5481481481481482 0.03229166666666667 0.07777777777777778
0 0.5864583333333333 0.5611111111111111 0.11354166666666667 0.20555555555555555
1 0.26640625 0.7685185185185185 0.08385416666666666 0.1425925925925926
0 0.7057291666666666 0.8356481481481481 0.15 0.075
0 0.29713541666666665 0.8481481481481481 0.07135416666666666 0.20185185185185187
0 0.3567708333333333 0.8166666666666667 0.1375 0.11851851851851852
0 0.37994791666666666 0.9273148148148148 0.09427083333333333 0.08611111111111111
0 0.3541666666666667 1.0199074074074075 0.09375 0.1287037037037037
1 0.3815104166666667 1.1273148148148149 0.08177083333333333 0.18611111111111112
0 0.6364583333333333 0.9888888888888889 0.059375 0.07037037037037037
2 0.6549479166666666 1.076851851851852 0.09739583333333333 0.13148148148148148
0 0.42135416666666664 0.9023148148148148 0.053125 0.25833333333333336
