0 0.33098958333333334 0.9578703703703704 0.05677083333333333 0.19537037037037036
2 0.3888020833333333 1.1550925925925926 0.07864583333333333 0.10833333333333334
0 0.4166666666666667 0.9962962962962963 0.052083333333333336 0.2074074074074074
0 0.4640625 1.0689814814814815 0.13229166666666667 0.0824074074074074
0 0.4700520833333333 0.9578703703703704 0.10260416666666666 0.08611111111111111
0 0.6424479166666667 1.1023148148148147 0.08072916666666667 0.20833333333333334
0 0.43515625 0.6912037037037037 0.10677083333333333 0.13425925925925927
0 0.48463541666666665 0.6990740740740741 0.05364583333333333 0.26851851851851855
0 0.5364583333333334 0.4527777777777778 0.03229166666666667 0.07777777777777778
0 0.5864583333333333 0.4398148148148148 0.11354166666666667 0.20555555555555555
1 0.26640625 0.23194444444444445 0.08385416666666666 0.14351851851851852
0 0.7057291666666666 0.16527777777777777 0.15 0.075
0 0.29739583333333336 0.1527777777777778 0.07083333333333333 0.20185185185185187
0 0.3567708333333333 0.18425925925925926 0.1375 0.11851851851851852
0 0.37994791666666666 0.07361111111111111 0.09427083333333333 0.08611111111111111
0 0.3541666666666667 -0.01898148148148148 0.09375 0.1287037037037037
1 0.3815104166666667 -0.12638888888888888 0.08177083333333333 0.18611111111111112
0 0.6364583333333333 0.012037037037037037 0.059375 0.07037037037037037
2 0.6549479166666666 -0.07592592592592592 0.09739583333333333 0.13148148148148148
0 0.42135416666666664 0.09861111111111111 0.053125 0.25833333333333336
