0 0.6690104166666667 0.9439814814814815 0.05572916666666667 0.18981481481481483
2 0.61640625 1.1314814814814815 0.07447916666666667 0.10925925925925926
0 0.5893229166666667 0.9805555555555555 0.049479166666666664 0.19444444444444445
0 0.5442708333333334 1.0472222222222223 0.12604166666666666 0.08333333333333333
0 0.5416666666666666 0.9462962962962963 0.1 0.07962962962962963
1 0.37473958333333335 1.0819444444444444 0.07552083333333333 0.20833333333333334
0 0.5747395833333333 0.6898148148148148 0.0953125 0.12962962962962962
0 0.5247395833333334 0.6962962962962963 0.050520833333333334 0.25555555555555554
0 0.48072916666666665 0.46111111111111114 0.030208333333333334 0.06851851851851852
0 0.43125 0.45185185185185184 0.103125 0.19444444444444445
0 0.30963541666666666 0.19814814814814816 0.15260416666666668 0.06666666666666667
0 0.37734375 0.05787037037037037 0.0421875 0.062037037037037036
2 0.36614583333333334 -0.02962962962962963 0.08854166666666667 0.12037037037037036
0 0.73125 0.25462962962962965 0.07604166666666666 0.14074074074074075
0 0.7018229166666666 0.18101851851851852 0.0671875 0.19166666666666668
0 0.64921875 0.022222222222222223 0.08802083333333334 0.11296296296296296
1 0.6229166666666667 -0.08287037037037037 0.075 0.18425925925925926
0 0.64609375 0.21064814814814814 0.1296875 0.10833333333333334
0 0.62421875 0.11018518518518519 0.08385416666666666 0.08333333333333333
0 0.5861979166666667 0.13333333333333333 0.050520833333333334 0.24814814814814815
