0 0.25078125 0.8013888888888889 0.10677083333333333 0.09907407407407408
2 0.1453125 0.7078703703703704 0.06145833333333333 0.13240740740740742
0 0.23020833333333332 0.6597222222222222 0.109375 0.08796296296296297
0 0.19270833333333334 0.5796296296296296 0.046875 0.22407407407407406
0 0.24947916666666667 0.575 0.04479166666666667 0.17777777777777778
1 0.17317708333333334 0.27824074074074073 0.1171875 0.13425925925925927
0 0.39375 0.6337962962962963 0.07291666666666667 0.16944444444444445
0 0.39010416666666664 0.5449074074074074 0.14375 0.08981481481481482
0 0.5223958333333333 0.4666666666666667 0.03854166666666667 0.053703703703703705
0 0.5276041666666667 0.3787037037037037 0.109375 0.18333333333333332
0 0.6700520833333333 0.1625 0.03697916666666667 0.2712962962962963
0 0.74921875 0.2828703703703704 0.034895833333333334 0.075
2 0.7984375 0.26296296296296295 0.06770833333333333 0.1574074074074074
0 0.6385416666666667 0.9120370370370371 0.07916666666666666 0.13518518518518519
0 0.6799479166666667 0.8597222222222223 0.1078125 0.11944444444444445
0 0.7692708333333333 0.7662037037037037 0.06354166666666666 0.15648148148148147
1 0.8283854166666667 0.7194444444444444 0.10364583333333334 0.13333333333333333
0 0.66328125 0.7606481481481482 0.0609375 0.23055555555555557
0 0.7197916666666667 0.7217592592592592 0.046875 0.14907407407407408
0 0.7067708333333333 0.6541666666666667 0.13958333333333334 0.08981481481481482
