0 0.7497395833333333 0.19953703703703704 0.10677083333333333 0.09907407407407408
2 0.8552083333333333 0.29305555555555557 0.06145833333333333 0.13240740740740742
0 0.7703125 0.34120370370370373 0.109375 0.08796296296296297
0 0.8078125 0.4212962962962963 0.046875 0.22407407407407406
0 0.7510416666666667 0.42592592592592593 0.04479166666666667 0.17777777777777778
1 0.82734375 0.7226851851851852 0.1171875 0.13425925925925927
0 0.6067708333333334 0.36712962962962964 0.07291666666666667 0.16944444444444445
0 0.6104166666666667 0.45601851851851855 0.14375 0.08981481481481482
0 0.478125 0.5342592592592592 0.03854166666666667 0.053703703703703705
0 0.47291666666666665 0.6222222222222222 0.109375 0.18333333333333332
0 0.33046875 0.8384259259259259 0.03697916666666667 0.2712962962962963
0 0.2513020833333333 0.7180555555555556 0.034895833333333334 0.075
2 0.20208333333333334 0.7379629629629629 0.06770833333333333 0.1574074074074074
0 0.3619791666666667 0.08888888888888889 0.07916666666666666 0.13518518518518519
0 0.32057291666666665 0.1412037037037037 0.1078125 0.11944444444444445
0 0.23125 0.23472222222222222 0.06354166666666666 0.15648148148148147
1 0.17213541666666668 0.2814814814814815 0.10364583333333334 0.13333333333333333
0 0.3372395833333333 0.24027777777777778 0.0609375 0.23055555555555557
0 0.28072916666666664 0.2791666666666667 0.046875 0.14907407407407408
0 0.29375 0.34675925925925927 0.13958333333333334 0.08981481481481482
