0 0.33046875 0.9439814814814815 0.05572916666666667 0.18981481481481483
2 0.38307291666666665 1.1314814814814815 0.07447916666666667 0.10925925925925926
0 0.41015625 0.9805555555555555 0.049479166666666664 0.19444444444444445
0 0.4552083333333333 1.0472222222222223 0.12604166666666666 0.08333333333333333
0 0.4578125 0.9462962962962963 0.1 0.07962962962962963
1 0.6247395833333333 1.0819444444444444 0.07552083333333333 0.20833333333333334
0 0.42473958333333334 0.6898148148148148 0.0953125 0.12962962962962962
0 0.4747395833333333 0.6962962962962963 0.050520833333333334 0.25555555555555554
0 0.51875 0.46111111111111114 0.030208333333333334 0.06851851851851852
0 0.5682291666666667 0.45185185185185184 0.103125 0.19444444444444445
0 0.68984375 0.1986111111111111 0.15260416666666668 0.06574074074074074
0 0.6221354166666667 0.05787037037037037 0.0421875 0.062037037037037036
2 0.6333333333333333 -0.02962962962962963 0.08854166666666667 0.12037037037037036
0 0.2682291666666667 0.25416666666666665 0.07604166666666666 0.14166666666666666
0 0.29765625 0.18101851851851852 0.0671875 0.19166666666666668
0 0.3502604166666667 0.022222222222222223 0.08802083333333334 0.11296296296296296
1 0.3765625 -0.08287037037037037 0.075 0.18425925925925926
0 0.3533854166666667 0.21064814814814814 0.1296875 0.10833333333333334
0 0.37526041666666665 0.11018518518518519 0.08385416666666666 0.08333333333333333
0 0.41328125 0.13333333333333333 0.050520833333333334 0.24814814814814815
