0 0.6598958333333333 0.9412037037037037 0.05416666666666667 0.18796296296296297
2 0.6088541666666667 1.1231481481481482 0.078125 0.10925925925925926
0 0.58203125 0.9745370370370371 0.04739583333333333 0.19537037037037036
0 0.5388020833333333 1.0416666666666667 0.12135416666666667 0.08148148148148149
0 0.5359375 0.9430555555555555 0.09895833333333333 0.0824074074074074
0 0.3736979166666667 1.0773148148148148 0.07552083333333333 0.19907407407407407
0 0.5684895833333333 0.6925925925925925 0.09635416666666667 0.12407407407407407
0 0.51875 0.6981481481481482 0.05 0.24444444444444444
0 0.47369791666666666 0.4708333333333333 0.0296875 0.06944444444444445
0 0.4276041666666667 0.4583333333333333 0.10208333333333333 0.18888888888888888
0 0.7216145833333333 0.25833333333333336 0.0734375 0.14629629629629629
1 0.6231770833333333 -0.05694444444444444 0.10572916666666667 0.15833333333333333
0 0.6924479166666667 0.19027777777777777 0.06614583333333333 0.18796296296296297
0 0.6403645833333333 0.033796296296296297 0.0890625 0.10648148148148148
0 0.6403645833333333 0.21944444444444444 0.1265625 0.1037037037037037
0 0.61640625 0.11898148148148148 0.0890625 0.075
0 0.5778645833333333 0.1388888888888889 0.05364583333333333 0.24444444444444444
0 0.30572916666666666 0.20416666666666666 0.15729166666666666 0.07314814814814814
0 0.37447916666666664 0.06666666666666667 0.04375 0.053703703703703705
2 0.36432291666666666 -0.017592592592592594 0.09010416666666667 0.12222222222222222
