0 0.7481770833333333 0.21574074074074073 0.10572916666666667 0.0962962962962963
2 0.8505208333333333 0.30648148148148147 0.06145833333333333 0.1388888888888889
0 0.7669270833333334 0.3541666666666667 0.10989583333333333 0.08425925925925926
0 0.8046875 0.4310185185185185 0.04583333333333333 0.21574074074074073
0 0.74921875 0.4361111111111111 0.04635416666666667 0.17592592592592593
0 0.8247395833333333 0.7245370370370371 0.11197916666666667 0.13425925925925927
0 0.6083333333333333 0.37824074074074077 0.06979166666666667 0.1712962962962963
0 0.6114583333333333 0.4666666666666667 0.1375 0.08888888888888889
0 0.48359375 0.5467592592592593 0.0390625 0.05277777777777778
0 0.4765625 0.6287037037037037 0.10625 0.1814814814814815
0 0.3640625 0.10601851851851851 0.08229166666666667 0.13055555555555556
1 0.18671875 0.2810185185185185 0.0890625 0.18796296296296297
0 0.32578125 0.15787037037037038 0.10572916666666667 0.1175925925925926
0 0.23776041666666667 0.25046296296296294 0.059895833333333336 0.15833333333333333
0 0.3421875 0.25046296296296294 0.058333333333333334 0.225
0 0.28567708333333336 0.29305555555555557 0.0421875 0.15833333333333333
0 0.296875 0.36157407407407405 0.1375 0.09537037037037037
0 0.3338541666666667 0.8453703703703703 0.040625 0.2796296296296296
0 0.25625 0.7231481481481481 0.030208333333333334 0.07777777777777778
2 0.20885416666666667 0.7412037037037037 0.06875 0.16018518518518518
