0 0.33958333333333335 0.059722222222222225 0.05416666666666667 0.18796296296296297
2 0.390625 -0.12222222222222222 0.078125 0.10925925925925926
0 0.41744791666666664 0.02638888888888889 0.04739583333333333 0.19537037037037036
0 0.46067708333333335 -0.040740740740740744 0.12135416666666667 0.08148148148148149
0 0.4635416666666667 0.05787037037037037 0.09895833333333333 0.0824074074074074
0 0.62578125 -0.0763888888888889 0.07552083333333333 0.19907407407407407
0 0.4309895833333333 0.30833333333333335 0.09635416666666667 0.12407407407407407
0 0.48072916666666665 0.30277777777777776 0.05 0.24444444444444444
0 0.52578125 0.5300925925925926 0.0296875 0.06944444444444445
0 0.571875 0.5425925925925926 0.10208333333333333 0.18888888888888888
0 0.27786458333333336 0.7425925925925926 0.0734375 0.14629629629629629
1 0.3763020833333333 1.0578703703703705 0.10572916666666667 0.15833333333333333
0 0.30703125 0.8106481481481481 0.06614583333333333 0.18796296296296297
0 0.35911458333333335 0.9671296296296297 0.0890625 0.10648148148148148
0 0.35911458333333335 0.7814814814814814 0.1265625 0.1037037037037037
0 0.38307291666666665 0.8819444444444444 0.0890625 0.075
0 0.42161458333333335 0.862037037037037 0.05364583333333333 0.24444444444444444
0 0.69375 0.7962962962962963 0.15729166666666666 0.07222222222222222
0 0.625 0.9342592592592592 0.04375 0.053703703703703705
2 0.63515625 1.0185185185185186 0.09010416666666667 0.12222222222222222
