0 0.33958333333333335 0.9412037037037037 0.05416666666666667 0.18796296296296297
2 0.390625 1.1231481481481482 0.078125 0.10925925925925926
0 0.41744791666666664 0.9745370370370371 0.04739583333333333 0.19537037037037036
0 0.46067708333333335 1.0416666666666667 0.12135416666666667 0.08148148148148149
0 0.4635416666666667 0.9430555555555555 0.09895833333333333 0.0824074074074074
0 0.62578125 1.0773148148148148 0.07552083333333333 0.19907407407407407
0 0.4309895833333333 0.6925925925925925 0.09635416666666667 0.12407407407407407
0 0.48072916666666665 0.6981481481481482 0.05 0.24444444444444444
0 0.52578125 0.4708333333333333 0.0296875 0.06944444444444445
0 0.571875 0.4583333333333333 0.10208333333333333 0.18888888888888888
0 0.27786458333333336 0.25787037037037036 0.0734375 0.14722222222222223
1 0.3763020833333333 -0.05694444444444444 0.10572916666666667 0.15833333333333333
0 0.30703125 0.19027777777777777 0.06614583333333333 0.18796296296296297
0 0.35911458333333335 0.033796296296296297 0.0890625 0.10648148148148148
0 0.35911458333333335 0.21944444444444444 0.1265625 0.1037037037037037
0 0.38307291666666665 0.11898148148148148 0.0890625 0.075
0 0.42161458333333335 0.1388888888888889 0.05364583333333333 0.24444444444444444
0 0.69375 0.20462962962962963 0.15729166666666666 0.07222222222222222
0 0.625 0.06666666666666667 0.04375 0.053703703703703705
2 0.63515625 -0.017592592592592594 0.09010416666666667 0.12222222222222222
