0 0.25234375 0.7851851851851852 0.10572916666666667 0.0962962962962963
2 0.15 0.6944444444444444 0.06145833333333333 0.1388888888888889
0 0.23359375 0.6467592592592593 0.10989583333333333 0.08425925925925926
0 0.19583333333333333 0.5699074074074074 0.04583333333333333 0.21574074074074073
0 0.2513020833333333 0.5648148148148148 0.04635416666666667 0.17592592592592593
0 0.17578125 0.2763888888888889 0.11197916666666667 0.13425925925925927
0 0.3921875 0.6226851851851852 0.06979166666666667 0.1712962962962963
0 0.3890625 0.5342592592592592 0.1375 0.08888888888888889
0 0.5169270833333334 0.45416666666666666 0.0390625 0.05277777777777778
0 0.5239583333333333 0.37222222222222223 0.10625 0.1814814814814815
0 0.6364583333333333 0.8949074074074074 0.08229166666666667 0.13055555555555556
1 0.8138020833333334 0.7199074074074074 0.0890625 0.18796296296296297
0 0.6747395833333333 0.8430555555555556 0.10572916666666667 0.1175925925925926
0 0.7627604166666667 0.750462962962963 0.059895833333333336 0.15833333333333333
0 0.6583333333333333 0.750462962962963 0.058333333333333334 0.225
0 0.71484375 0.7078703703703704 0.0421875 0.15833333333333333
0 0.7036458333333333 0.6393518518518518 0.1375 0.09537037037037037
0 0.6666666666666666 0.15555555555555556 0.040625 0.2796296296296296
0 0.7442708333333333 0.2777777777777778 0.030208333333333334 0.07777777777777778
2 0.7916666666666666 0.25972222222222224 0.06875 0.16018518518518518
