0 0.7419270833333333 0.2199074074074074 0.10260416666666666 0.09351851851851851
2 0.8450520833333334 0.30972222222222223 0.0609375 0.12685185185185185
0 0.7609375 0.3592592592592593 0.109375 0.09074074074074075
0 0.7963541666666667 0.4324074074074074 0.04583333333333333 0.2111111111111111
0 0.7416666666666667 0.44305555555555554 0.04791666666666667 0.1675925925925926
1 0.8177083333333334 0.725462962962963 0.11458333333333333 0.13240740740740742
0 0.6010416666666667 0.38333333333333336 0.071875 0.17222222222222222
0 0.60390625 0.4675925925925926 0.13489583333333333 0.08148148148148149
0 0.47578125 0.549074074074074 0.033854166666666664 0.05740740740740741
0 0.4713541666666667 0.6305555555555555 0.10104166666666667 0.18518518518518517
1 0.3609375 0.1111111111111111 0.08020833333333334 0.12777777777777777
1 0.18359375 0.2763888888888889 0.0890625 0.18425925925925926
0 0.31927083333333334 0.16111111111111112 0.10729166666666666 0.11296296296296296
0 0.3375 0.2518518518518518 0.059375 0.22037037037037038
0 0.2328125 0.25277777777777777 0.06041666666666667 0.15185185185185185
0 0.28046875 0.29398148148148145 0.04635416666666667 0.14907407407407408
0 0.29192708333333334 0.3611111111111111 0.1359375 0.09444444444444444
0 0.3299479166666667 0.8421296296296297 0.033854166666666664 0.26944444444444443
0 0.24583333333333332 0.7185185185185186 0.03125 0.08333333333333333
2 0.20286458333333332 0.7435185185185185 0.06614583333333333 0.15925925925925927
