0 0.3419270833333333 0.07083333333333333 0.05260416666666667 0.1824074074074074
2 0.3924479166666667 -0.1125 0.07135416666666666 0.10833333333333334
0 0.4203125 0.037037037037037035 0.051041666666666666 0.19444444444444445
0 0.46145833333333336 -0.025925925925925925 0.11875 0.08148148148148149
0 0.4674479166666667 0.0712962962962963 0.09427083333333333 0.08518518518518518
1 0.6263020833333334 -0.06388888888888888 0.07447916666666667 0.2037037037037037
0 0.43385416666666665 0.3212962962962963 0.096875 0.12777777777777777
0 0.48125 0.3162037037037037 0.04583333333333333 0.23981481481481481
0 0.5270833333333333 0.5439814814814815 0.03229166666666667 0.06018518518518518
0 0.5729166666666666 0.5518518518518518 0.10416666666666667 0.17962962962962964
1 0.28072916666666664 0.7481481481481481 0.071875 0.1425925925925926
1 0.3736979166666667 1.063425925925926 0.10364583333333334 0.15833333333333333
0 0.30885416666666665 0.8222222222222222 0.06354166666666666 0.19074074074074074
0 0.35989583333333336 0.7898148148148149 0.12395833333333334 0.10555555555555556
0 0.36041666666666666 0.975925925925926 0.08541666666666667 0.10740740740740741
0 0.38359375 0.8912037037037037 0.08385416666666666 0.0824074074074074
0 0.42135416666666664 0.8708333333333333 0.053125 0.24166666666666667
0 0.6919270833333333 0.8032407407407407 0.1515625 0.06018518518518518
0 0.6223958333333334 0.9527777777777777 0.046875 0.05555555555555555
2 0.6364583333333333 1.0291666666666666 0.08958333333333333 0.1175925925925926
