0 0.6575520833333334 0.9300925925925926 0.05260416666666667 0.1824074074074074
2 0.60703125 1.1134259259259258 0.07135416666666666 0.10833333333333334
0 0.5791666666666667 0.9638888888888889 0.051041666666666666 0.19444444444444445
0 0.5380208333333333 1.026851851851852 0.11875 0.08148148148148149
0 0.53203125 0.9296296296296296 0.09427083333333333 0.08518518518518518
1 0.3731770833333333 1.0648148148148149 0.07447916666666667 0.2037037037037037
0 0.565625 0.6796296296296296 0.096875 0.12777777777777777
0 0.5182291666666666 0.6847222222222222 0.04583333333333333 0.23981481481481481
0 0.47239583333333335 0.45694444444444443 0.03229166666666667 0.06018518518518518
0 0.4265625 0.44907407407407407 0.10416666666666667 0.17962962962962964
1 0.71875 0.25277777777777777 0.071875 0.1425925925925926
1 0.62578125 -0.0625 0.10364583333333334 0.15833333333333333
0 0.690625 0.1787037037037037 0.06354166666666666 0.19074074074074074
0 0.6395833333333333 0.2111111111111111 0.12395833333333334 0.10555555555555556
0 0.6390625 0.025 0.08541666666666667 0.10740740740740741
0 0.6158854166666666 0.10972222222222222 0.08385416666666666 0.0824074074074074
0 0.578125 0.1300925925925926 0.053125 0.24166666666666667
0 0.30755208333333334 0.19722222222222222 0.1515625 0.06111111111111111
0 0.3770833333333333 0.04814814814814815 0.046875 0.05555555555555555
2 0.36302083333333335 -0.02824074074074074 0.08958333333333333 0.1175925925925926
