0 0.3419270833333333 0.9300925925925926 0.05260416666666667 0.1824074074074074
2 0.3924479166666667 1.1134259259259258 0.07135416666666666 0.10833333333333334
0 0.4203125 0.9638888888888889 0.051041666666666666 0.19444444444444445
0 0.46145833333333336 1.026851851851852 0.11875 0.08148148148148149
0 0.4674479166666667 0.9296296296296296 0.09427083333333333 0.08518518518518518
1 0.6263020833333334 1.0648148148148149 0.07447916666666667 0.2037037037037037
0 0.43385416666666665 0.6796296296296296 0.096875 0.12777777777777777
0 0.48125 0.6847222222222222 0.04583333333333333 0.23981481481481481
0 0.5270833333333333 0.45694444444444443 0.03229166666666667 0.06018518518518518
0 0.5729166666666666 0.44907407407407407 0.10416666666666667 0.17962962962962964
1 0.28072916666666664 0.2523148148148148 0.071875 0.14351851851851852
1 0.3736979166666667 -0.0625 0.10364583333333334 0.15833333333333333
0 0.30885416666666665 0.1787037037037037 0.06354166666666666 0.19074074074074074
0 0.35989583333333336 0.2111111111111111 0.12395833333333334 0.10555555555555556
0 0.36041666666666666 0.025 0.08541666666666667 0.10740740740740741
0 0.38359375 0.10972222222222222 0.08385416666666666 0.0824074074074074
0 0.42135416666666664 0.1300925925925926 0.053125 0.24166666666666667
0 0.6919270833333333 0.19768518518518519 0.1515625 0.06018518518518518
0 0.6223958333333334 0.04814814814814815 0.046875 0.05555555555555555
2 0.6364583333333333 -0.02824074074074074 0.08958333333333333 0.1175925925925926
