0 0.65625 0.9287037037037037 0.053125 0.17962962962962964
2 0.6065104166666667 1.1064814814814814 0.0765625 0.1037037037037037
0 0.5786458333333333 0.9634259259259259 0.04791666666666667 0.20277777777777778
0 0.53671875 1.0240740740740741 0.11927083333333334 0.08333333333333333
0 0.5330729166666667 0.924537037037037 0.09322916666666667 0.0824074074074074
1 0.3723958333333333 1.0606481481481482 0.07395833333333333 0.20462962962962963
0 0.5661458333333333 0.6805555555555556 0.09375 0.1259259259259259
0 0.5171875 0.6847222222222222 0.05 0.24351851851851852
0 0.4747395833333333 0.4564814814814815 0.0328125 0.06481481481481481
0 0.4276041666666667 0.449537037037037 0.103125 0.18055555555555555
1 0.7205729166666667 0.25787037037037036 0.0734375 0.13055555555555556
1 0.6330729166666667 -0.06435185185185185 0.10677083333333333 0.14166666666666666
0 0.6927083333333334 0.1814814814814815 0.06354166666666666 0.18333333333333332
0 0.6380208333333334 0.21064814814814814 0.12395833333333334 0.10277777777777777
0 0.6395833333333333 0.027777777777777776 0.08645833333333333 0.10740740740740741
0 0.61796875 0.11064814814814815 0.08177083333333333 0.0824074074074074
0 0.5796875 0.13055555555555556 0.052083333333333336 0.24259259259259258
1 0.3098958333333333 0.19444444444444445 0.15416666666666667 0.06851851851851852
0 0.37994791666666666 0.05555555555555555 0.05260416666666667 0.05185185185185185
2 0.3651041666666667 -0.025 0.08958333333333333 0.12037037037037036
