0 0.7411458333333333 0.2222222222222222 0.10104166666666667 0.09444444444444444
2 0.8411458333333334 0.3106481481481482 0.058333333333333334 0.1361111111111111
0 0.7606770833333333 0.36018518518518516 0.1140625 0.08518518518518518
0 0.7947916666666667 0.43472222222222223 0.046875 0.21203703703703702
0 0.7388020833333333 0.4412037037037037 0.04635416666666667 0.16574074074074074
1 0.8153645833333333 0.7268518518518519 0.11510416666666666 0.13148148148148148
0 0.6015625 0.3824074074074074 0.07083333333333333 0.16666666666666666
0 0.60390625 0.46944444444444444 0.13697916666666668 0.08888888888888889
0 0.47552083333333334 0.5449074074074074 0.036458333333333336 0.058333333333333334
0 0.47161458333333334 0.6287037037037037 0.1015625 0.18333333333333332
1 0.36380208333333336 0.10787037037037037 0.0734375 0.13055555555555556
1 0.18255208333333334 0.26342592592592595 0.0796875 0.18981481481481483
0 0.32083333333333336 0.1574074074074074 0.103125 0.11296296296296296
0 0.3372395833333333 0.25462962962962965 0.0578125 0.22037037037037038
0 0.234375 0.2518518518518518 0.06041666666666667 0.1537037037037037
0 0.28098958333333335 0.2902777777777778 0.04635416666666667 0.14537037037037037
0 0.2921875 0.35833333333333334 0.13645833333333332 0.09259259259259259
1 0.32838541666666665 0.8379629629629629 0.03802083333333333 0.2740740740740741
0 0.25 0.7134259259259259 0.029166666666666667 0.09351851851851851
2 0.2046875 0.7398148148148148 0.06770833333333333 0.15925925925925927
