0 0.34322916666666664 0.07222222222222222 0.053125 0.17962962962962964
2 0.39296875 -0.10555555555555556 0.0765625 0.1037037037037037
0 0.42083333333333334 0.0375 0.04791666666666667 0.20277777777777778
0 0.4627604166666667 -0.023148148148148147 0.11927083333333334 0.08333333333333333
0 0.46640625 0.0763888888888889 0.09322916666666667 0.0824074074074074
1 0.6270833333333333 -0.059722222222222225 0.07395833333333333 0.20462962962962963
0 0.43333333333333335 0.32037037037037036 0.09375 0.1259259259259259
0 0.4822916666666667 0.3162037037037037 0.05 0.24351851851851852
0 0.5247395833333334 0.5444444444444444 0.0328125 0.06481481481481481
0 0.571875 0.5513888888888889 0.103125 0.18055555555555555
1 0.27890625 0.7430555555555556 0.0734375 0.13055555555555556
1 0.36640625 1.0652777777777778 0.10677083333333333 0.14166666666666666
0 0.3067708333333333 0.8194444444444444 0.06354166666666666 0.18333333333333332
0 0.3614583333333333 0.7902777777777777 0.12395833333333334 0.10277777777777777
0 0.35989583333333336 0.9731481481481481 0.08645833333333333 0.10740740740740741
0 0.3815104166666667 0.8902777777777777 0.08177083333333333 0.0824074074074074
0 0.4197916666666667 0.8703703703703703 0.052083333333333336 0.24259259259259258
1 0.6895833333333333 0.8060185185185185 0.15416666666666667 0.06759259259259259
0 0.61953125 0.9453703703703704 0.05260416666666667 0.05185185185185185
2 0.634375 1.025925925925926 0.08958333333333333 0.12037037037037036
