0 0.34375 0.9291666666666667 0.05625 0.18425925925925926
2 0.39505208333333336 1.112037037037037 0.07552083333333333 0.10925925925925926
0 0.42239583333333336 0.9634259259259259 0.046875 0.1935185185185185
0 0.4627604166666667 1.025925925925926 0.1234375 0.07962962962962963
0 0.46848958333333335 0.9291666666666667 0.09635416666666667 0.08055555555555556
1 0.6291666666666667 1.061574074074074 0.07604166666666666 0.2064814814814815
0 0.43697916666666664 0.6810185185185185 0.09791666666666667 0.125
0 0.48463541666666665 0.6861111111111111 0.04739583333333333 0.24074074074074073
0 0.53046875 0.45555555555555555 0.0296875 0.06666666666666667
0 0.5734375 0.449537037037037 0.10416666666666667 0.1787037037037037
1 0.2825520833333333 0.25601851851851853 0.0734375 0.14166666666666666
1 0.36171875 0.02638888888888889 0.08802083333333334 0.11388888888888889
1 0.3645833333333333 -0.06111111111111111 0.11979166666666667 0.15
0 0.30963541666666666 0.17824074074074073 0.06197916666666667 0.1935185185185185
0 0.3611979166666667 0.2101851851851852 0.1265625 0.1037037037037037
0 0.3846354166666667 0.11064814814814815 0.08489583333333334 0.07685185185185185
0 0.42291666666666666 0.1337962962962963 0.051041666666666666 0.24351851851851852
0 0.69296875 0.1962962962962963 0.1546875 0.07037037037037037
0 0.62109375 0.056018518518518516 0.0546875 0.05092592592592592
2 0.6369791666666667 -0.025925925925925925 0.0875 0.12222222222222222
