0 0.6557291666666667 0.9291666666666667 0.05625 0.18425925925925926
2 0.6044270833333333 1.112037037037037 0.07552083333333333 0.10925925925925926
0 0.5770833333333333 0.9634259259259259 0.046875 0.1935185185185185
0 0.53671875 1.025925925925926 0.1234375 0.07962962962962963
0 0.5309895833333333 0.9291666666666667 0.09635416666666667 0.08055555555555556
1 0.3703125 1.061574074074074 0.07604166666666666 0.2064814814814815
0 0.5625 0.6810185185185185 0.09791666666666667 0.125
0 0.51484375 0.6861111111111111 0.04739583333333333 0.24074074074074073
0 0.46901041666666665 0.45555555555555555 0.0296875 0.06666666666666667
0 0.42604166666666665 0.449537037037037 0.10416666666666667 0.1787037037037037
1 0.7169270833333333 0.2564814814814815 0.0734375 0.14074074074074075
1 0.6377604166666667 0.02638888888888889 0.08802083333333334 0.11388888888888889
1 0.6348958333333333 -0.06111111111111111 0.11979166666666667 0.15
0 0.68984375 0.17824074074074073 0.06197916666666667 0.1935185185185185
0 0.63828125 0.2101851851851852 0.1265625 0.1037037037037037
0 0.61484375 0.11064814814814815 0.08489583333333334 0.07685185185185185
0 0.5765625 0.1337962962962963 0.051041666666666666 0.24351851851851852
0 0.3065104166666667 0.19583333333333333 0.1546875 0.0712962962962963
0 0.37838541666666664 0.056018518518518516 0.0546875 0.05092592592592592
2 0.3625 -0.025925925925925925 0.0875 0.12222222222222222
