0 0.74140625 0.22314814814814815 0.10364583333333334 0.1
2 0.8442708333333333 0.3143518518518518 0.06145833333333333 0.13425925925925927
0 0.7606770833333333 0.362962962962963 0.10885416666666667 0.08333333333333333
0 0.7958333333333333 0.43472222222222223 0.04479166666666667 0.21944444444444444
0 0.74140625 0.4449074074074074 0.0453125 0.1712962962962963
1 0.8158854166666667 0.7305555555555555 0.11614583333333334 0.13518518518518519
0 0.6018229166666667 0.3888888888888889 0.0703125 0.17407407407407408
0 0.6046875 0.4736111111111111 0.13541666666666666 0.08425925925925926
0 0.475 0.5550925925925926 0.0375 0.05277777777777778
0 0.47161458333333334 0.6314814814814815 0.10052083333333334 0.18518518518518517
1 0.36302083333333335 0.11435185185185186 0.07916666666666666 0.13055555555555556
1 0.23359375 0.2550925925925926 0.0640625 0.15648148148148147
1 0.184375 0.2601851851851852 0.084375 0.21296296296296297
0 0.3190104166666667 0.1625 0.10885416666666667 0.11018518518518519
0 0.33697916666666666 0.25416666666666665 0.058333333333333334 0.225
0 0.28098958333333335 0.29583333333333334 0.043229166666666666 0.15092592592592594
0 0.29401041666666666 0.3638888888888889 0.13697916666666668 0.09074074074074075
0 0.32916666666666666 0.8439814814814814 0.03958333333333333 0.275
0 0.25026041666666665 0.7162037037037037 0.028645833333333332 0.09722222222222222
2 0.20416666666666666 0.7444444444444445 0.06875 0.15555555555555556
