0 0.2591145833333333 0.7777777777777778 0.10364583333333334 0.1
2 0.15625 0.6865740740740741 0.06145833333333333 0.13425925925925927
0 0.23984375 0.637962962962963 0.10885416666666667 0.08333333333333333
0 0.2046875 0.5662037037037037 0.04479166666666667 0.21944444444444444
0 0.2591145833333333 0.5560185185185185 0.0453125 0.1712962962962963
1 0.18463541666666666 0.27037037037037037 0.11614583333333334 0.13518518518518519
0 0.39869791666666665 0.612037037037037 0.0703125 0.17407407407407408
0 0.3958333333333333 0.5273148148148148 0.13541666666666666 0.08425925925925926
0 0.5255208333333333 0.44583333333333336 0.0375 0.05277777777777778
0 0.52890625 0.36944444444444446 0.10052083333333334 0.18518518518518517
1 0.6375 0.8865740740740741 0.07916666666666666 0.13055555555555556
1 0.7669270833333334 0.7458333333333333 0.0640625 0.15648148148148147
1 0.8161458333333333 0.7407407407407407 0.084375 0.21296296296296297
0 0.6815104166666667 0.8384259259259259 0.10885416666666667 0.11018518518518519
0 0.6635416666666667 0.7467592592592592 0.058333333333333334 0.225
0 0.71953125 0.7050925925925926 0.043229166666666666 0.15092592592592594
0 0.7065104166666667 0.6370370370370371 0.13697916666666668 0.09074074074074075
0 0.6713541666666667 0.15694444444444444 0.03958333333333333 0.275
0 0.7502604166666667 0.2847222222222222 0.028645833333333332 0.09722222222222222
2 0.7963541666666667 0.2564814814814815 0.06875 0.15555555555555556
