0 0.65625 0.9273148148148148 0.051041666666666666 0.1824074074074074
1 0.36822916666666666 1.0564814814814816 0.07291666666666667 0.21296296296296297
2 0.6091145833333333 1.1060185185185185 0.08072916666666667 0.10648148148148148
0 0.5796875 0.961574074074074 0.05 0.19166666666666668
0 0.5375 1.025 0.12395833333333334 0.08148148148148149
0 0.5322916666666667 0.924537037037037 0.096875 0.07685185185185185
0 0.56484375 0.6800925925925926 0.0984375 0.12129629629629629
0 0.51875 0.6833333333333333 0.05 0.24259259259259258
0 0.471875 0.4537037037037037 0.03333333333333333 0.06666666666666667
0 0.42682291666666666 0.449537037037037 0.1046875 0.1787037037037037
1 0.3072916666666667 0.19305555555555556 0.159375 0.06574074074074074
2 0.3640625 -0.030555555555555555 0.0875 0.11851851851851852
0 0.3809895833333333 0.046296296296296294 0.0546875 0.06481481481481481
1 0.7190104166666667 0.25277777777777777 0.07447916666666667 0.1425925925925926
0 0.6919270833333333 0.17916666666666667 0.06197916666666667 0.19166666666666668
0 0.6393229166666666 0.20879629629629629 0.12447916666666667 0.10648148148148148
0 0.6161458333333333 0.10925925925925926 0.08229166666666667 0.07962962962962963
0 0.57734375 0.13333333333333333 0.049479166666666664 0.24074074074074073
0 0.6395833333333333 0.02546296296296296 0.08854166666666667 0.10833333333333334
1 0.63671875 -0.06759259259259259 0.12239583333333333 0.15
