0 0.34322916666666664 0.07361111111111111 0.051041666666666666 0.1824074074074074
1 0.63125 -0.05555555555555555 0.07291666666666667 0.21296296296296297
2 0.39036458333333335 -0.1050925925925926 0.08072916666666667 0.10648148148148148
0 0.4197916666666667 0.03935185185185185 0.05 0.19166666666666668
0 0.46197916666666666 -0.024074074074074074 0.12395833333333334 0.08148148148148149
0 0.4671875 0.0763888888888889 0.096875 0.07685185185185185
0 0.43463541666666666 0.32083333333333336 0.0984375 0.12129629629629629
0 0.48072916666666665 0.3175925925925926 0.05 0.24259259259259258
0 0.5276041666666667 0.5472222222222223 0.03333333333333333 0.06666666666666667
0 0.57265625 0.5513888888888889 0.1046875 0.1787037037037037
1 0.6921875 0.8074074074074075 0.159375 0.06481481481481481
2 0.6354166666666666 1.0314814814814814 0.0875 0.11851851851851852
0 0.6184895833333334 0.9546296296296296 0.0546875 0.06481481481481481
1 0.28046875 0.7481481481481481 0.07447916666666667 0.1425925925925926
0 0.30755208333333334 0.8217592592592593 0.06197916666666667 0.19166666666666668
0 0.36015625 0.7921296296296296 0.12447916666666667 0.10648148148148148
0 0.38333333333333336 0.8916666666666667 0.08229166666666667 0.07962962962962963
0 0.42213541666666665 0.8675925925925926 0.049479166666666664 0.24074074074074073
0 0.35989583333333336 0.975462962962963 0.08854166666666667 0.10833333333333334
1 0.36276041666666664 1.0685185185185184 0.12239583333333333 0.15
