0 0.7403645833333333 0.2222222222222222 0.10260416666666666 0.09074074074074075
1 0.8130208333333333 0.7342592592592593 0.11979166666666667 0.12962962962962962
2 0.8408854166666667 0.3060185185185185 0.059895833333333336 0.14351851851851852
0 0.7596354166666667 0.35833333333333334 0.1078125 0.08888888888888889
0 0.7953125 0.43333333333333335 0.04583333333333333 0.22037037037037038
0 0.7388020833333333 0.4425925925925926 0.043229166666666666 0.17222222222222222
0 0.6013020833333333 0.38472222222222224 0.06822916666666666 0.175
0 0.603125 0.4666666666666667 0.13645833333333332 0.08888888888888889
0 0.4739583333333333 0.55 0.0375 0.05925925925925926
0 0.47161458333333334 0.6300925925925925 0.10052083333333334 0.18611111111111112
1 0.32760416666666664 0.8425925925925926 0.036458333333333336 0.2833333333333333
2 0.2015625 0.7416666666666667 0.06666666666666667 0.15555555555555556
0 0.24479166666666666 0.711574074074074 0.036458333333333336 0.09722222222222222
1 0.3609375 0.11064814814814815 0.08020833333333334 0.13240740740740742
0 0.31953125 0.1587962962962963 0.1078125 0.11018518518518519
0 0.33619791666666665 0.2523148148148148 0.059895833333333336 0.2212962962962963
0 0.28020833333333334 0.2935185185185185 0.04479166666666667 0.14629629629629629
0 0.29375 0.3625 0.13541666666666666 0.08796296296296297
0 0.23307291666666666 0.2518518518518518 0.0609375 0.1574074074074074
1 0.18072916666666666 0.2569444444444444 0.084375 0.2175925925925926
