0 0.26015625 0.2222222222222222 0.10260416666666666 0.09074074074074075
1 0.1875 0.7342592592592593 0.11979166666666667 0.12962962962962962
2 0.15963541666666667 0.3060185185185185 0.059895833333333336 0.14351851851851852
0 0.24088541666666666 0.35833333333333334 0.1078125 0.08888888888888889
0 0.20520833333333333 0.43333333333333335 0.04583333333333333 0.22037037037037038
0 0.26171875 0.4425925925925926 0.043229166666666666 0.17222222222222222
0 0.39921875 0.38472222222222224 0.06822916666666666 0.175
0 0.39739583333333334 0.4666666666666667 0.13645833333333332 0.08888888888888889
0 0.5265625 0.55 0.0375 0.05925925925925926
0 0.52890625 0.6300925925925925 0.10052083333333334 0.18611111111111112
1 0.6729166666666667 0.8425925925925926 0.036458333333333336 0.2833333333333333
2 0.7989583333333333 0.7416666666666667 0.06666666666666667 0.15555555555555556
0 0.7557291666666667 0.711574074074074 0.036458333333333336 0.09722222222222222
1 0.6395833333333333 0.11064814814814815 0.08020833333333334 0.13240740740740742
0 0.6809895833333334 0.1587962962962963 0.1078125 0.11018518518518519
0 0.6643229166666667 0.2523148148148148 0.059895833333333336 0.2212962962962963
0 0.7203125 0.2935185185185185 0.04479166666666667 0.14629629629629629
0 0.7067708333333333 0.3625 0.13541666666666666 0.08796296296296297
0 0.7674479166666667 0.2518518518518518 0.0609375 0.1574074074074074
1 0.8197916666666667 0.2569444444444444 0.084375 0.2175925925925926
