0 0.7432291666666667 0.22453703703703703 0.10520833333333333 0.09907407407407408
2 0.8541666666666666 0.30925925925925923 0.065625 0.14629629629629629
2 0.7971354166666667 0.7819444444444444 0.059895833333333336 0.20462962962962963
0 0.8026041666666667 0.4550925925925926 0.041666666666666664 0.22314814814814815
0 0.74609375 0.46064814814814814 0.04635416666666667 0.16944444444444445
0 0.7651041666666667 0.37037037037037035 0.11145833333333334 0.08333333333333333
1 0.5984375 0.4 0.07395833333333333 0.17592592592592593
0 0.6015625 0.4930555555555556 0.13958333333333334 0.09537037037037037
0 0.47109375 0.5592592592592592 0.0421875 0.12037037037037036
0 0.46848958333333335 0.6694444444444444 0.1078125 0.19814814814814816
0 0.42552083333333335 0.7148148148148148 0.021875 0.06111111111111111
0 0.17239583333333333 0.7893518518518519 0.06770833333333333 0.18425925925925926
0 0.26067708333333334 0.8944444444444445 0.10989583333333333 0.15925925925925927
1 0.38125 0.12037037037037036 0.053125 0.17777777777777778
1 0.29635416666666664 0.16342592592592592 0.11145833333333334 0.1287037037037037
1 0.15520833333333334 0.42685185185185187 0.07291666666666667 0.14444444444444443
0 0.19505208333333332 0.26666666666666666 0.08177083333333333 0.15925925925925927
0 0.253125 0.30833333333333335 0.05416666666666667 0.15
0 0.315625 0.26342592592592595 0.05625 0.24351851851851852
0 0.27369791666666665 0.3800925925925926 0.14427083333333332 0.09907407407407408
