0 0.34453125 0.9324074074074075 0.05572916666666667 0.18703703703703703
2 0.3921875 1.1296296296296295 0.08229166666666667 0.11666666666666667
2 0.6580729166666667 1.0282407407407408 0.11510416666666666 0.10648148148148148
0 0.47421875 1.037962962962963 0.12552083333333333 0.07407407407407407
0 0.47734375 0.9375 0.0953125 0.0824074074074074
0 0.4265625 0.9712962962962963 0.046875 0.19814814814814816
1 0.4432291666666667 0.675 0.09895833333333333 0.13148148148148148
0 0.49557291666666664 0.6805555555555556 0.05364583333333333 0.24814814814814815
0 0.5328125 0.4486111111111111 0.06770833333333333 0.075
0 0.5947916666666667 0.4439814814814815 0.11145833333333334 0.19166666666666668
0 0.6203125 0.3675925925925926 0.034375 0.03888888888888889
0 0.6622395833333333 -0.0824074074074074 0.10364583333333334 0.12037037037037036
0 0.7213541666666666 0.07453703703703704 0.08958333333333333 0.19537037037037036
1 0.2859375 0.2884259259259259 0.1 0.09537037037037037
1 0.31015625 0.13796296296296295 0.07239583333333334 0.19814814814814816
1 0.4583333333333333 -0.11296296296296296 0.08125 0.12962962962962962
0 0.36822916666666666 -0.04212962962962963 0.08958333333333333 0.14537037037037037
0 0.39166666666666666 0.06111111111111111 0.084375 0.0962962962962963
0 0.36640625 0.17222222222222222 0.13697916666666668 0.1
0 0.43203125 0.09768518518518518 0.05572916666666667 0.2564814814814815
