0 0.34453125 0.06851851851851852 0.05572916666666667 0.18703703703703703
2 0.3921875 -0.1287037037037037 0.08229166666666667 0.11666666666666667
2 0.6580729166666667 -0.027314814814814816 0.11510416666666666 0.10648148148148148
0 0.47421875 -0.037037037037037035 0.12552083333333333 0.07407407407407407
0 0.47734375 0.06342592592592593 0.0953125 0.0824074074074074
0 0.4265625 0.02962962962962963 0.046875 0.19814814814814816
1 0.4432291666666667 0.32592592592592595 0.09895833333333333 0.13148148148148148
0 0.49557291666666664 0.32037037037037036 0.05364583333333333 0.24814814814814815
0 0.5328125 0.5523148148148148 0.06770833333333333 0.075
0 0.5947916666666667 0.5569444444444445 0.11145833333333334 0.19166666666666668
0 0.6203125 0.6333333333333333 0.034375 0.03888888888888889
0 0.6622395833333333 1.0833333333333333 0.10364583333333334 0.12037037037037036
0 0.7213541666666666 0.9263888888888889 0.08958333333333333 0.19537037037037036
1 0.2859375 0.712037037037037 0.1 0.09444444444444444
1 0.31015625 0.8629629629629629 0.07239583333333334 0.19814814814814816
1 0.4583333333333333 1.113888888888889 0.08125 0.12962962962962962
0 0.36822916666666666 1.0430555555555556 0.08958333333333333 0.14537037037037037
0 0.39166666666666666 0.9398148148148148 0.084375 0.0962962962962963
0 0.36640625 0.8287037037037037 0.13697916666666668 0.1
0 0.43203125 0.9032407407407408 0.05572916666666667 0.2564814814814815
