0 0.2604166666666667 0.7861111111111111 0.10625 0.0962962962962963
2 0.1578125 0.6972222222222222 0.06458333333333334 0.13518518518518519
0 0.24088541666666666 0.6467592592592593 0.11197916666666667 0.08981481481481482
0 0.20598958333333334 0.5736111111111111 0.04635416666666667 0.21388888888888888
0 0.2609375 0.5643518518518519 0.04583333333333333 0.16944444444444445
1 0.18489583333333334 0.25925925925925924 0.11979166666666667 0.11481481481481481
0 0.39895833333333336 0.625 0.07083333333333333 0.17777777777777778
0 0.3953125 0.5370370370370371 0.1375 0.08888888888888889
0 0.5229166666666667 0.45601851851851855 0.040625 0.06018518518518518
0 0.5278645833333333 0.3763888888888889 0.1015625 0.18796296296296297
1 0.6403645833333333 0.8935185185185185 0.08072916666666667 0.13148148148148148
1 0.8122395833333333 0.7541666666666667 0.0765625 0.21203703703703702
1 0.6716145833333333 0.16620370370370371 0.04114583333333333 0.27685185185185185
0 0.6807291666666667 0.8467592592592592 0.10416666666666667 0.11203703703703703
0 0.7669270833333334 0.7541666666666667 0.06302083333333333 0.15833333333333333
0 0.6640625 0.7541666666666667 0.059375 0.225
0 0.7205729166666667 0.7157407407407408 0.0453125 0.14814814814814814
0 0.7104166666666667 0.6430555555555556 0.13645833333333332 0.09722222222222222
0 0.7513020833333334 0.29212962962962963 0.028645833333333332 0.08611111111111111
2 0.7971354166666667 0.26805555555555555 0.06510416666666667 0.14722222222222223
