0 0.3390625 0.07407407407407407 0.05416666666666667 0.18888888888888888
2 0.3890625 -0.10833333333333334 0.07604166666666666 0.11481481481481481
0 0.41744791666666664 0.03935185185185185 0.050520833333333334 0.19907407407407407
0 0.45859375 -0.022685185185185187 0.1203125 0.0824074074074074
0 0.46380208333333334 0.075 0.0953125 0.08148148148148149
1 0.6354166666666666 -0.06018518518518518 0.06458333333333334 0.21296296296296297
0 0.4296875 0.32037037037037036 0.1 0.1259259259259259
0 0.4791666666666667 0.3138888888888889 0.05 0.24444444444444444
0 0.5247395833333334 0.5407407407407407 0.033854166666666664 0.07222222222222222
0 0.56953125 0.549537037037037 0.10572916666666667 0.18055555555555555
1 0.2786458333333333 0.749537037037037 0.07395833333333333 0.14351851851851852
1 0.35703125 1.0550925925925927 0.11927083333333334 0.1361111111111111
1 0.6877604166666667 0.8050925925925926 0.15572916666666667 0.07314814814814814
0 0.30494791666666665 0.8212962962962963 0.06302083333333333 0.18518518518518517
0 0.35703125 0.9745370370370371 0.0890625 0.11203703703703703
0 0.35703125 0.7916666666666666 0.1265625 0.10555555555555556
0 0.37864583333333335 0.8921296296296296 0.08333333333333333 0.08055555555555556
0 0.41953125 0.8740740740740741 0.0546875 0.24259259259259258
0 0.6169270833333333 0.9467592592592593 0.0484375 0.05092592592592592
2 0.63046875 1.0282407407407408 0.0828125 0.11574074074074074
