0 0.6604166666666667 0.9268518518518518 0.05416666666666667 0.18888888888888888
2 0.6104166666666667 1.1092592592592592 0.07604166666666666 0.11481481481481481
0 0.58203125 0.961574074074074 0.050520833333333334 0.19907407407407407
0 0.5408854166666667 1.023611111111111 0.1203125 0.0824074074074074
0 0.5356770833333333 0.9259259259259259 0.0953125 0.08148148148148149
1 0.3640625 1.0611111111111111 0.06458333333333334 0.21296296296296297
0 0.5697916666666667 0.6805555555555556 0.1 0.1259259259259259
0 0.5203125 0.687037037037037 0.05 0.24444444444444444
0 0.4747395833333333 0.4601851851851852 0.033854166666666664 0.07222222222222222
0 0.42994791666666665 0.4513888888888889 0.10572916666666667 0.18055555555555555
1 0.7208333333333333 0.2513888888888889 0.07395833333333333 0.14351851851851852
1 0.6424479166666667 -0.05416666666666667 0.11927083333333334 0.1361111111111111
1 0.31171875 0.19537037037037036 0.15572916666666667 0.07407407407407407
0 0.69453125 0.17962962962962964 0.06302083333333333 0.18518518518518517
0 0.6424479166666667 0.02638888888888889 0.0890625 0.11203703703703703
0 0.6424479166666667 0.20925925925925926 0.1265625 0.10555555555555556
0 0.6208333333333333 0.1087962962962963 0.08333333333333333 0.08055555555555556
0 0.5799479166666667 0.12685185185185185 0.0546875 0.24259259259259258
0 0.38255208333333335 0.05416666666666667 0.0484375 0.05092592592592592
2 0.3690104166666667 -0.027314814814814816 0.0828125 0.11574074074074074
