0 0.7401041666666667 0.21481481481481482 0.10625 0.0962962962962963
2 0.8427083333333333 0.3037037037037037 0.06458333333333334 0.13518518518518519
0 0.7596354166666667 0.3541666666666667 0.11197916666666667 0.08981481481481482
0 0.79453125 0.4273148148148148 0.04635416666666667 0.21388888888888888
0 0.7395833333333334 0.43657407407407406 0.04583333333333333 0.16944444444444445
1 0.815625 0.7416666666666667 0.11979166666666667 0.11481481481481481
0 0.6015625 0.37592592592592594 0.07083333333333333 0.17777777777777778
0 0.6052083333333333 0.4638888888888889 0.1375 0.08888888888888889
0 0.47760416666666666 0.5449074074074074 0.040625 0.06018518518518518
0 0.47265625 0.624537037037037 0.1015625 0.18796296296296297
1 0.36015625 0.10740740740740741 0.08072916666666667 0.13148148148148148
1 0.18828125 0.24675925925925926 0.0765625 0.21203703703703702
1 0.32890625 0.8347222222222223 0.04114583333333333 0.27685185185185185
0 0.31979166666666664 0.15416666666666667 0.10416666666666667 0.11203703703703703
0 0.23359375 0.24675925925925926 0.06302083333333333 0.15833333333333333
0 0.33645833333333336 0.24675925925925926 0.059375 0.225
0 0.2799479166666667 0.2851851851851852 0.0453125 0.14814814814814814
0 0.29010416666666666 0.3578703703703704 0.13645833333333332 0.09722222222222222
0 0.24921875 0.7087962962962963 0.028645833333333332 0.08611111111111111
2 0.20338541666666668 0.7328703703703704 0.06510416666666667 0.14722222222222223
