0 0.33958333333333335 0.07453703703703704 0.053125 0.18425925925925926
2 0.3885416666666667 -0.10648148148148148 0.07395833333333333 0.10740740740740741
0 0.41744791666666664 0.043055555555555555 0.050520833333333334 0.19537037037037036
0 0.4578125 -0.02175925925925926 0.11875 0.0824074074074074
0 0.46458333333333335 0.075 0.09479166666666666 0.07962962962962963
0 0.6330729166666667 -0.06712962962962964 0.05364583333333333 0.2101851851851852
0 0.43046875 0.3226851851851852 0.09739583333333333 0.125
0 0.4778645833333333 0.3148148148148148 0.0484375 0.24259259259259258
0 0.5244791666666667 0.5439814814814815 0.03229166666666667 0.07314814814814814
0 0.5700520833333333 0.5518518518518518 0.10677083333333333 0.17962962962962964
1 0.27708333333333335 0.7509259259259259 0.071875 0.15
1 0.3533854166666667 1.0629629629629629 0.1296875 0.1425925925925926
0 0.30546875 0.8203703703703704 0.06302083333333333 0.18703703703703703
0 0.3567708333333333 0.9763888888888889 0.08958333333333333 0.11018518518518519
0 0.3580729166666667 0.7944444444444444 0.12552083333333333 0.10185185185185185
0 0.3802083333333333 0.8953703703703704 0.08020833333333334 0.07777777777777778
0 0.41770833333333335 0.8689814814814815 0.051041666666666666 0.23981481481481481
1 0.6869791666666667 0.8055555555555556 0.15729166666666666 0.07777777777777778
0 0.615625 0.9462962962962963 0.053125 0.04814814814814815
2 0.6333333333333333 1.0337962962962963 0.090625 0.11944444444444445
