0 0.6598958333333333 0.9263888888888889 0.053125 0.18425925925925926
2 0.6109375 1.1074074074074074 0.07395833333333333 0.10740740740740741
0 0.58203125 0.9578703703703704 0.050520833333333334 0.19537037037037036
0 0.5416666666666666 1.0226851851851853 0.11875 0.0824074074074074
0 0.5348958333333333 0.9259259259259259 0.09479166666666666 0.07962962962962963
0 0.36640625 1.0680555555555555 0.05364583333333333 0.2101851851851852
0 0.5690104166666666 0.6782407407407407 0.09739583333333333 0.125
0 0.5216145833333333 0.6861111111111111 0.0484375 0.24259259259259258
0 0.475 0.45694444444444443 0.03229166666666667 0.07314814814814814
0 0.42942708333333335 0.44907407407407407 0.10677083333333333 0.17962962962962964
1 0.7223958333333333 0.25 0.071875 0.15
1 0.64609375 -0.062037037037037036 0.1296875 0.1425925925925926
0 0.6940104166666666 0.18055555555555555 0.06302083333333333 0.18703703703703703
0 0.6427083333333333 0.024537037037037038 0.08958333333333333 0.11018518518518519
0 0.64140625 0.2064814814814815 0.12552083333333333 0.10185185185185185
0 0.6192708333333333 0.10555555555555556 0.08020833333333334 0.07777777777777778
0 0.5817708333333333 0.13194444444444445 0.051041666666666666 0.23981481481481481
1 0.3125 0.19490740740740742 0.15729166666666666 0.0787037037037037
0 0.38385416666666666 0.05462962962962963 0.053125 0.04814814814814815
2 0.36614583333333334 -0.03287037037037037 0.090625 0.11944444444444445
