0 0.26067708333333334 0.21574074074074073 0.10364583333333334 0.09444444444444444
2 0.15885416666666666 0.30277777777777776 0.06041666666666667 0.13148148148148148
0 0.24296875 0.3541666666666667 0.10989583333333333 0.08981481481481482
0 0.20651041666666667 0.42592592592592593 0.04635416666666667 0.2111111111111111
0 0.2609375 0.43796296296296294 0.04479166666666667 0.1685185185185185
0 0.18098958333333334 0.7375 0.11822916666666666 0.09537037037037037
0 0.4002604166666667 0.3773148148148148 0.0703125 0.17314814814814813
0 0.3958333333333333 0.4615740740740741 0.13645833333333332 0.08611111111111111
0 0.5247395833333334 0.5444444444444444 0.04114583333333333 0.05740740740740741
0 0.5291666666666667 0.625462962962963 0.10104166666666667 0.18981481481481483
1 0.6411458333333333 0.10462962962962963 0.084375 0.12777777777777777
1 0.8166666666666667 0.24027777777777778 0.08020833333333334 0.23055555555555557
0 0.6802083333333333 0.1550925925925926 0.10520833333333333 0.11203703703703703
0 0.76796875 0.2462962962962963 0.06197916666666667 0.15925925925925927
0 0.665625 0.24861111111111112 0.057291666666666664 0.22314814814814815
0 0.7223958333333333 0.287962962962963 0.04375 0.1425925925925926
0 0.7075520833333333 0.35462962962962963 0.13489583333333333 0.09074074074074075
1 0.671875 0.8333333333333334 0.04375 0.2796296296296296
0 0.7510416666666667 0.7064814814814815 0.027083333333333334 0.09444444444444444
2 0.8002604166666667 0.7379629629629629 0.0671875 0.16111111111111112
