0 0.26067708333333334 0.7851851851851852 0.10364583333333334 0.09444444444444444
2 0.15885416666666666 0.6981481481481482 0.06041666666666667 0.13148148148148148
0 0.24296875 0.6467592592592593 0.10989583333333333 0.08981481481481482
0 0.20651041666666667 0.575 0.04635416666666667 0.2111111111111111
0 0.2609375 0.562962962962963 0.04479166666666667 0.1685185185185185
0 0.18098958333333334 0.26342592592592595 0.11822916666666666 0.09537037037037037
0 0.4002604166666667 0.6236111111111111 0.0703125 0.17314814814814813
0 0.3958333333333333 0.5393518518518519 0.13645833333333332 0.08611111111111111
0 0.5247395833333334 0.4564814814814815 0.04114583333333333 0.05740740740740741
0 0.5291666666666667 0.37546296296296294 0.10104166666666667 0.18981481481481483
1 0.6411458333333333 0.8962962962962963 0.084375 0.12777777777777777
1 0.8166666666666667 0.7606481481481482 0.08020833333333334 0.23055555555555557
0 0.6802083333333333 0.8458333333333333 0.10520833333333333 0.11203703703703703
0 0.76796875 0.7546296296296297 0.06197916666666667 0.15925925925925927
0 0.665625 0.7523148148148148 0.057291666666666664 0.22314814814814815
0 0.7223958333333333 0.7129629629629629 0.04375 0.1425925925925926
0 0.7075520833333333 0.6462962962962963 0.13489583333333333 0.09074074074074075
1 0.671875 0.1675925925925926 0.04375 0.2796296296296296
0 0.7510416666666667 0.29444444444444445 0.027083333333333334 0.09444444444444444
2 0.8002604166666667 0.26296296296296295 0.0671875 0.16111111111111112
