0 0.33958333333333335 0.9263888888888889 0.053125 0.18425925925925926
2 0.3885416666666667 1.1074074074074074 0.07395833333333333 0.10740740740740741
0 0.41744791666666664 0.9578703703703704 0.050520833333333334 0.19537037037037036
0 0.4578125 1.0226851851851853 0.11875 0.0824074074074074
0 0.46458333333333335 0.9259259259259259 0.09479166666666666 0.07962962962962963
0 0.6330729166666667 1.0680555555555555 0.05364583333333333 0.2101851851851852
0 0.43046875 0.6782407407407407 0.09739583333333333 0.125
0 0.4778645833333333 0.6861111111111111 0.0484375 0.24259259259259258
0 0.5244791666666667 0.45694444444444443 0.03229166666666667 0.07314814814814814
0 0.5700520833333333 0.44907407407407407 0.10677083333333333 0.17962962962962964
1 0.27708333333333335 0.24953703703703703 0.071875 0.15092592592592594
1 0.3533854166666667 -0.062037037037037036 0.1296875 0.1425925925925926
0 0.30546875 0.18055555555555555 0.06302083333333333 0.18703703703703703
0 0.3567708333333333 0.024537037037037038 0.08958333333333333 0.11018518518518519
0 0.3580729166666667 0.2064814814814815 0.12552083333333333 0.10185185185185185
0 0.3802083333333333 0.10555555555555556 0.08020833333333334 0.07777777777777778
0 0.41770833333333335 0.13194444444444445 0.051041666666666666 0.23981481481481481
1 0.6869791666666667 0.19537037037037036 0.15729166666666666 0.07777777777777778
0 0.615625 0.05462962962962963 0.053125 0.04814814814814815
2 0.6333333333333333 -0.03287037037037037 0.090625 0.11944444444444445
