0 0.73984375 0.21574074074074073 0.10364583333333334 0.09444444444444444
2 0.8416666666666667 0.30277777777777776 0.06041666666666667 0.13148148148148148
0 0.7575520833333333 0.3541666666666667 0.10989583333333333 0.08981481481481482
0 0.7940104166666667 0.42592592592592593 0.04635416666666667 0.2111111111111111
0 0.7395833333333334 0.43796296296296294 0.04479166666666667 0.1685185185185185
0 0.81953125 0.7375 0.11822916666666666 0.09537037037037037
0 0.6002604166666666 0.3773148148148148 0.0703125 0.17314814814814813
0 0.6046875 0.4615740740740741 0.13645833333333332 0.08611111111111111
0 0.47578125 0.5444444444444444 0.04114583333333333 0.05740740740740741
0 0.4713541666666667 0.625462962962963 0.10104166666666667 0.18981481481481483
1 0.359375 0.10462962962962963 0.084375 0.12777777777777777
1 0.18385416666666668 0.24027777777777778 0.08020833333333334 0.23055555555555557
0 0.3203125 0.1550925925925926 0.10520833333333333 0.11203703703703703
0 0.23255208333333333 0.2462962962962963 0.06197916666666667 0.15925925925925927
0 0.33489583333333334 0.24861111111111112 0.057291666666666664 0.22314814814814815
0 0.278125 0.287962962962963 0.04375 0.1425925925925926
0 0.29296875 0.35462962962962963 0.13489583333333333 0.09074074074074075
1 0.32864583333333336 0.8333333333333334 0.04375 0.2796296296296296
0 0.24947916666666667 0.7064814814814815 0.027083333333333334 0.09444444444444444
2 0.20026041666666666 0.7379629629629629 0.0671875 0.16111111111111112
