0 0.33697916666666666 0.9212962962962963 0.05416666666666667 0.1814814814814815
2 0.38697916666666665 1.1 0.075 0.10925925925925926
0 0.41458333333333336 0.9574074074074074 0.04895833333333333 0.1962962962962963
0 0.45703125 1.0212962962962964 0.1171875 0.08518518518518518
0 0.46171875 0.9226851851851852 0.0984375 0.0787037037037037
1 0.6338541666666667 1.0657407407407407 0.05625 0.21851851851851853
0 0.42994791666666665 0.674537037037037 0.0984375 0.125
0 0.4752604166666667 0.6824074074074075 0.049479166666666664 0.24074074074074073
0 0.5203125 0.4513888888888889 0.030208333333333334 0.06759259259259259
0 0.5682291666666667 0.44722222222222224 0.103125 0.17592592592592593
1 0.27578125 0.2439814814814815 0.07239583333333334 0.1527777777777778
0 0.3026041666666667 0.1763888888888889 0.06354166666666666 0.18981481481481483
0 0.35546875 0.02175925925925926 0.0890625 0.10833333333333334
0 0.35494791666666664 0.2064814814814815 0.1234375 0.10740740740740741
0 0.37786458333333334 0.10324074074074074 0.08385416666666666 0.0787037037037037
0 0.4171875 0.12824074074074074 0.052083333333333336 0.24166666666666667
1 0.35572916666666665 -0.059722222222222225 0.128125 0.14351851851851852
1 0.69140625 0.1875 0.15052083333333333 0.06944444444444445
0 0.6182291666666667 0.05185185185185185 0.046875 0.05
2 0.63046875 -0.03333333333333333 0.09010416666666667 0.11296296296296296
