0 0.2635416666666667 0.2111111111111111 0.10208333333333333 0.0962962962962963
2 0.16302083333333334 0.3 0.06145833333333333 0.13333333333333333
0 0.24322916666666666 0.3490740740740741 0.11041666666666666 0.08703703703703704
0 0.20729166666666668 0.42453703703703705 0.04791666666666667 0.20833333333333334
0 0.26276041666666666 0.43287037037037035 0.044270833333333336 0.175
1 0.18229166666666666 0.7388888888888889 0.12291666666666666 0.1
0 0.40234375 0.3763888888888889 0.0703125 0.175
0 0.39791666666666664 0.45694444444444443 0.13541666666666666 0.08796296296296297
0 0.5278645833333333 0.5370370370370371 0.03802083333333333 0.053703703703703705
0 0.5302083333333333 0.6222222222222222 0.09895833333333333 0.18333333333333332
1 0.6442708333333333 0.10231481481481482 0.08541666666666667 0.1287037037037037
0 0.6825520833333333 0.15 0.10677083333333333 0.11296296296296296
0 0.76953125 0.2439814814814815 0.0609375 0.15833333333333333
0 0.665625 0.24305555555555555 0.06041666666666667 0.21944444444444444
0 0.7236979166666667 0.28379629629629627 0.044270833333333336 0.14907407407407408
0 0.7096354166666666 0.3537037037037037 0.1359375 0.09259259259259259
1 0.8153645833333333 0.24444444444444444 0.08072916666666667 0.22777777777777777
1 0.6763020833333333 0.8412037037037037 0.0390625 0.2675925925925926
0 0.7526041666666666 0.7111111111111111 0.028125 0.08333333333333333
2 0.8005208333333333 0.7328703703703704 0.06354166666666666 0.16018518518518518
