0 0.7369791666666666 0.2111111111111111 0.10208333333333333 0.0962962962962963
2 0.8375 0.3 0.06145833333333333 0.13333333333333333
0 0.7572916666666667 0.3490740740740741 0.11041666666666666 0.08703703703703704
0 0.7932291666666667 0.42453703703703705 0.04791666666666667 0.20833333333333334
0 0.7377604166666667 0.43287037037037035 0.044270833333333336 0.175
1 0.8182291666666667 0.7388888888888889 0.12291666666666666 0.1
0 0.5981770833333333 0.3763888888888889 0.0703125 0.175
0 0.6026041666666667 0.45694444444444443 0.13541666666666666 0.08796296296296297
0 0.47265625 0.5370370370370371 0.03802083333333333 0.053703703703703705
0 0.4703125 0.6222222222222222 0.09895833333333333 0.18333333333333332
1 0.35625 0.10231481481481482 0.08541666666666667 0.1287037037037037
0 0.31796875 0.15 0.10677083333333333 0.11296296296296296
0 0.23098958333333333 0.2439814814814815 0.0609375 0.15833333333333333
0 0.33489583333333334 0.24305555555555555 0.06041666666666667 0.21944444444444444
0 0.27682291666666664 0.28379629629629627 0.044270833333333336 0.14907407407407408
0 0.2908854166666667 0.3537037037037037 0.1359375 0.09259259259259259
1 0.18515625 0.24444444444444444 0.08072916666666667 0.22777777777777777
1 0.32421875 0.8412037037037037 0.0390625 0.2675925925925926
0 0.24791666666666667 0.7111111111111111 0.028125 0.08333333333333333
2 0.2 0.7328703703703704 0.06354166666666666 0.16018518518518518
