0 0.6625 0.9212962962962963 0.05416666666666667 0.1814814814814815
2 0.6125 1.1 0.075 0.10925925925925926
0 0.5848958333333333 0.9574074074074074 0.04895833333333333 0.1962962962962963
0 0.5424479166666667 1.0212962962962964 0.1171875 0.08518518518518518
0 0.5377604166666666 0.9226851851851852 0.0984375 0.0787037037037037
1 0.365625 1.0657407407407407 0.05625 0.21851851851851853
0 0.56953125 0.674537037037037 0.0984375 0.125
0 0.52421875 0.6824074074074075 0.049479166666666664 0.24074074074074073
0 0.4791666666666667 0.4513888888888889 0.030208333333333334 0.06759259259259259
0 0.43125 0.44722222222222224 0.103125 0.17592592592592593
1 0.7236979166666667 0.24444444444444444 0.07239583333333334 0.15185185185185185
0 0.696875 0.1763888888888889 0.06354166666666666 0.18981481481481483
0 0.6440104166666667 0.02175925925925926 0.0890625 0.10833333333333334
0 0.64453125 0.2064814814814815 0.1234375 0.10740740740740741
0 0.6216145833333333 0.10324074074074074 0.08385416666666666 0.0787037037037037
0 0.5822916666666667 0.12824074074074074 0.052083333333333336 0.24166666666666667
1 0.64375 -0.059722222222222225 0.128125 0.14351851851851852
1 0.30807291666666664 0.18703703703703703 0.15052083333333333 0.07037037037037037
0 0.38125 0.05185185185185185 0.046875 0.05
2 0.3690104166666667 -0.03333333333333333 0.09010416666666667 0.11296296296296296
