0 0.33697916666666666 0.07962962962962963 0.05416666666666667 0.1814814814814815
2 0.38697916666666665 -0.09907407407407408 0.075 0.10925925925925926
0 0.41458333333333336 0.04351851851851852 0.04895833333333333 0.1962962962962963
0 0.45703125 -0.020370370370370372 0.1171875 0.08518518518518518
0 0.46171875 0.07824074074074074 0.0984375 0.0787037037037037
1 0.6338541666666667 -0.06481481481481481 0.05625 0.21851851851851853
0 0.42994791666666665 0.3263888888888889 0.0984375 0.125
0 0.4752604166666667 0.31851851851851853 0.049479166666666664 0.24074074074074073
0 0.5203125 0.549537037037037 0.030208333333333334 0.06759259259259259
0 0.5682291666666667 0.5537037037037037 0.103125 0.17592592592592593
1 0.27578125 0.7564814814814815 0.07239583333333334 0.15185185185185185
0 0.3026041666666667 0.8245370370370371 0.06354166666666666 0.18981481481481483
0 0.35546875 0.9791666666666666 0.0890625 0.10833333333333334
0 0.35494791666666664 0.7944444444444444 0.1234375 0.10740740740740741
0 0.37786458333333334 0.8976851851851851 0.08385416666666666 0.0787037037037037
0 0.4171875 0.8726851851851852 0.052083333333333336 0.24166666666666667
1 0.35572916666666665 1.0606481481481482 0.128125 0.14351851851851852
1 0.69140625 0.8134259259259259 0.15052083333333333 0.06944444444444445
0 0.6182291666666667 0.9490740740740741 0.046875 0.05
2 0.63046875 1.0342592592592592 0.09010416666666667 0.11296296296296296
