0 0.2638020833333333 0.2101851851851852 0.10260416666666666 0.09444444444444444
2 0.16223958333333333 0.29907407407407405 0.05677083333333333 0.13333333333333333
0 0.2453125 0.34629629629629627 0.109375 0.08703703703703704
0 0.20885416666666667 0.42268518518518516 0.04791666666666667 0.21203703703703702
0 0.26276041666666666 0.4310185185185185 0.044270833333333336 0.16944444444444445
1 0.18072916666666666 0.7398148148148148 0.13020833333333334 0.09259259259259259
0 0.4015625 0.3773148148148148 0.06875 0.175
0 0.39869791666666665 0.4597222222222222 0.1328125 0.08425925925925926
0 0.5255208333333333 0.5407407407407407 0.0375 0.06111111111111111
0 0.5302083333333333 0.6189814814814815 0.10208333333333333 0.17685185185185184
1 0.6447916666666667 0.10092592592592593 0.0875 0.12407407407407407
1 0.8171875 0.2490740740740741 0.078125 0.21481481481481482
0 0.68515625 0.15092592592592594 0.10677083333333333 0.11296296296296296
0 0.6666666666666666 0.24351851851851852 0.059375 0.22037037037037038
0 0.7700520833333333 0.24027777777777778 0.0609375 0.16018518518518518
0 0.7255208333333333 0.2861111111111111 0.04479166666666667 0.14629629629629629
0 0.71015625 0.35138888888888886 0.1390625 0.08981481481481482
1 0.6731770833333334 0.8518518518518519 0.0390625 0.2574074074074074
0 0.75390625 0.7018518518518518 0.028645833333333332 0.09074074074074075
2 0.7986979166666667 0.7310185185185185 0.0671875 0.15462962962962962
