0 0.33645833333333336 0.9208333333333333 0.053125 0.1824074074074074
2 0.38645833333333335 1.101388888888889 0.075 0.10092592592592593
0 0.41302083333333334 0.9537037037037037 0.04895833333333333 0.19444444444444445
0 0.45598958333333334 1.0185185185185186 0.11927083333333334 0.08518518518518518
0 0.46067708333333335 0.9226851851851852 0.0953125 0.0787037037037037
1 0.634375 1.0685185185185184 0.052083333333333336 0.23148148148148148
0 0.43046875 0.6759259259259259 0.0984375 0.12222222222222222
0 0.47682291666666665 0.6810185185185185 0.04739583333333333 0.2361111111111111
0 0.5223958333333333 0.45555555555555555 0.034375 0.06666666666666667
0 0.56640625 0.44722222222222224 0.09947916666666666 0.1814814814814815
1 0.275 0.24305555555555555 0.06979166666666667 0.15648148148148147
1 0.35833333333333334 -0.06296296296296296 0.12083333333333333 0.1388888888888889
0 0.303125 0.17175925925925925 0.06354166666666666 0.18981481481481483
0 0.35520833333333335 0.20462962962962963 0.12395833333333334 0.10555555555555556
0 0.3533854166666667 0.020833333333333332 0.09010416666666667 0.10833333333333334
0 0.37916666666666665 0.1 0.08229166666666667 0.07962962962962963
0 0.4158854166666667 0.12731481481481483 0.050520833333333334 0.24722222222222223
1 0.6973958333333333 0.19305555555555556 0.14479166666666668 0.06944444444444445
0 0.6130208333333333 0.04953703703703704 0.051041666666666666 0.05092592592592592
2 0.6294270833333333 -0.03009259259259259 0.08697916666666666 0.11944444444444445
