0 0.265625 0.2101851851851852 0.10104166666666667 0.09444444444444444
2 0.16432291666666668 0.2935185185185185 0.058854166666666666 0.13148148148148148
0 0.246875 0.34814814814814815 0.109375 0.08888888888888889
0 0.20989583333333334 0.4199074074074074 0.046875 0.21574074074074073
0 0.26536458333333335 0.42777777777777776 0.04635416666666667 0.17222222222222222
1 0.17916666666666667 0.7379629629629629 0.1375 0.08333333333333333
0 0.4041666666666667 0.3712962962962963 0.06979166666666667 0.17592592592592593
0 0.4015625 0.45787037037037037 0.13854166666666667 0.08611111111111111
0 0.53046875 0.5351851851851852 0.04010416666666667 0.05925925925925926
0 0.5341145833333333 0.6162037037037037 0.10052083333333334 0.1824074074074074
1 0.6768229166666667 0.8430555555555556 0.04739583333333333 0.24722222222222223
1 0.64765625 0.09444444444444444 0.08489583333333334 0.1259259259259259
1 0.8208333333333333 0.22962962962962963 0.075 0.19814814814814816
0 0.6869791666666667 0.14675925925925926 0.10520833333333333 0.11203703703703703
0 0.6692708333333334 0.24074074074074073 0.058333333333333334 0.23148148148148148
0 0.7736979166666667 0.23935185185185184 0.06197916666666667 0.15833333333333333
0 0.72734375 0.2814814814814815 0.043229166666666666 0.1574074074074074
0 0.7119791666666667 0.3486111111111111 0.13541666666666666 0.09166666666666666
0 0.75703125 0.6986111111111111 0.027604166666666666 0.09537037037037037
2 0.80390625 0.7282407407407407 0.06302083333333333 0.15462962962962962
