0 0.33645833333333336 0.08333333333333333 0.053125 0.17962962962962964
2 0.38333333333333336 -0.09675925925925925 0.07395833333333333 0.10462962962962963
0 0.4140625 0.05 0.05 0.19444444444444445
0 0.4544270833333333 -0.01574074074074074 0.12135416666666667 0.08333333333333333
0 0.4588541666666667 0.08287037037037037 0.096875 0.0824074074074074
1 0.6333333333333333 -0.07037037037037037 0.046875 0.24444444444444444
0 0.4270833333333333 0.3296296296296296 0.09895833333333333 0.12407407407407407
0 0.47578125 0.325 0.0484375 0.2462962962962963
0 0.5192708333333333 0.5541666666666667 0.03333333333333333 0.0712962962962963
0 0.56484375 0.5606481481481481 0.10260416666666666 0.1787037037037037
1 0.6924479166666667 0.8143518518518519 0.1390625 0.08425925925925926
1 0.2713541666666667 0.7625 0.07083333333333333 0.15092592592592594
1 0.34739583333333335 1.0703703703703704 0.11145833333333334 0.13333333333333333
0 0.30078125 0.8324074074074074 0.06302083333333333 0.18703703703703703
0 0.3536458333333333 0.8009259259259259 0.13020833333333334 0.1037037037037037
0 0.3528645833333333 0.986574074074074 0.0890625 0.11018518518518519
0 0.3765625 0.9041666666666667 0.08854166666666667 0.07685185185185185
0 0.41432291666666665 0.8768518518518519 0.0515625 0.24074074074074073
0 0.6111979166666667 0.9569444444444445 0.05364583333333333 0.049074074074074076
2 0.6278645833333333 1.0402777777777779 0.08697916666666666 0.11203703703703703
