0 0.6630208333333333 0.9175925925925926 0.053125 0.17962962962962964
2 0.6161458333333333 1.0976851851851852 0.07395833333333333 0.10462962962962963
0 0.5854166666666667 0.950925925925926 0.05 0.19444444444444445
0 0.5450520833333333 1.0166666666666666 0.12135416666666667 0.08333333333333333
0 0.540625 0.9180555555555555 0.096875 0.0824074074074074
1 0.36614583333333334 1.0712962962962962 0.046875 0.24444444444444444
0 0.5723958333333333 0.6712962962962963 0.09895833333333333 0.12407407407407407
0 0.5236979166666667 0.6759259259259259 0.0484375 0.2462962962962963
0 0.48020833333333335 0.44675925925925924 0.03333333333333333 0.0712962962962963
0 0.43463541666666666 0.44027777777777777 0.10260416666666666 0.1787037037037037
1 0.30703125 0.18611111111111112 0.1390625 0.08518518518518518
1 0.728125 0.23842592592592593 0.07083333333333333 0.15092592592592594
1 0.6520833333333333 -0.06944444444444445 0.11145833333333334 0.13333333333333333
0 0.6986979166666667 0.1685185185185185 0.06302083333333333 0.18703703703703703
0 0.6458333333333334 0.2 0.13020833333333334 0.1037037037037037
0 0.6466145833333333 0.014351851851851852 0.0890625 0.11018518518518519
0 0.6229166666666667 0.09675925925925925 0.08854166666666667 0.07685185185185185
0 0.58515625 0.12407407407407407 0.0515625 0.24074074074074073
0 0.38828125 0.04398148148148148 0.05364583333333333 0.049074074074074076
2 0.37161458333333336 -0.03935185185185185 0.08697916666666666 0.11203703703703703
