0 0.7348958333333333 0.2101851851851852 0.10104166666666667 0.09444444444444444
2 0.8361979166666667 0.2935185185185185 0.058854166666666666 0.13148148148148148
0 0.7536458333333333 0.34814814814814815 0.109375 0.08888888888888889
0 0.790625 0.4199074074074074 0.046875 0.21574074074074073
0 0.73515625 0.42777777777777776 0.04635416666666667 0.17222222222222222
1 0.8213541666666667 0.7379629629629629 0.1375 0.08333333333333333
0 0.5963541666666666 0.3712962962962963 0.06979166666666667 0.17592592592592593
0 0.5989583333333334 0.45787037037037037 0.13854166666666667 0.08611111111111111
0 0.4700520833333333 0.5351851851851852 0.04010416666666667 0.05925925925925926
0 0.46640625 0.6162037037037037 0.10052083333333334 0.1824074074074074
1 0.32369791666666664 0.8430555555555556 0.04739583333333333 0.24722222222222223
1 0.3528645833333333 0.09444444444444444 0.08489583333333334 0.1259259259259259
1 0.1796875 0.22962962962962963 0.075 0.19814814814814816
0 0.31354166666666666 0.14675925925925926 0.10520833333333333 0.11203703703703703
0 0.33125 0.24074074074074073 0.058333333333333334 0.23148148148148148
0 0.22682291666666668 0.23935185185185184 0.06197916666666667 0.15833333333333333
0 0.27317708333333335 0.2814814814814815 0.043229166666666666 0.1574074074074074
0 0.28854166666666664 0.3486111111111111 0.13541666666666666 0.09166666666666666
0 0.24348958333333334 0.6986111111111111 0.027604166666666666 0.09537037037037037
2 0.19661458333333334 0.7282407407407407 0.06302083333333333 0.15462962962962962
