0 0.2638020833333333 0.20879629629629629 0.10572916666666667 0.08981481481481482
2 0.16223958333333333 0.2949074074074074 0.058854166666666666 0.13425925925925927
0 0.24479166666666666 0.34629629629629627 0.109375 0.08518518518518518
0 0.20807291666666666 0.4222222222222222 0.04635416666666667 0.21296296296296297
0 0.26484375 0.4305555555555556 0.04739583333333333 0.1685185185185185
1 0.17526041666666667 0.7384259259259259 0.14427083333333332 0.08611111111111111
0 0.4015625 0.3726851851851852 0.06979166666666667 0.17685185185185184
0 0.4005208333333333 0.45555555555555555 0.1375 0.09259259259259259
0 0.5268229166666667 0.5370370370370371 0.04010416666666667 0.05925925925925926
0 0.53203125 0.6180555555555556 0.10260416666666666 0.1824074074074074
1 0.6744791666666666 0.850462962962963 0.05 0.2601851851851852
0 0.75390625 0.7092592592592593 0.030729166666666665 0.07962962962962963
2 0.80078125 0.7282407407407407 0.06302083333333333 0.15648148148148147
1 0.6442708333333333 0.10185185185185185 0.08541666666666667 0.1259259259259259
0 0.6846354166666667 0.1476851851851852 0.10572916666666667 0.11388888888888889
0 0.6669270833333333 0.24351851851851852 0.059895833333333336 0.22962962962962963
0 0.72421875 0.28425925925925927 0.0453125 0.15
0 0.7708333333333334 0.2412037037037037 0.06354166666666666 0.15462962962962962
0 0.7109375 0.35185185185185186 0.1375 0.09259259259259259
1 0.8166666666666667 0.22824074074074074 0.07604166666666666 0.20092592592592592
