0 0.6638020833333333 0.9208333333333333 0.050520833333333334 0.18796296296296297
2 0.6153645833333333 1.101388888888889 0.07552083333333333 0.10462962962962963
0 0.5864583333333333 0.9546296296296296 0.04791666666666667 0.19444444444444445
0 0.54375 1.0199074074074075 0.11979166666666667 0.0824074074074074
0 0.5390625 0.9189814814814815 0.09479166666666666 0.08425925925925926
1 0.3658854166666667 1.0782407407407408 0.0484375 0.2564814814814815
0 0.5716145833333334 0.6759259259259259 0.09947916666666666 0.12407407407407407
0 0.525 0.6777777777777778 0.052083333333333336 0.24444444444444444
0 0.4791666666666667 0.4532407407407407 0.03333333333333333 0.0712962962962963
0 0.43359375 0.4439814814814815 0.10260416666666666 0.1824074074074074
1 0.3028645833333333 0.19027777777777777 0.14635416666666667 0.08981481481481482
0 0.38229166666666664 0.04953703703703704 0.04479166666666667 0.05462962962962963
2 0.37161458333333336 -0.033796296296296297 0.08802083333333334 0.11203703703703703
1 0.7239583333333334 0.24444444444444444 0.07083333333333333 0.15185185185185185
0 0.6981770833333333 0.1726851851851852 0.0640625 0.18796296296296297
0 0.6442708333333333 0.20416666666666666 0.12916666666666668 0.10648148148148148
0 0.6213541666666667 0.10231481481481482 0.084375 0.08055555555555556
0 0.6455729166666667 0.019444444444444445 0.08697916666666666 0.11296296296296296
0 0.5833333333333334 0.1259259259259259 0.052083333333333336 0.24444444444444444
1 0.6528645833333333 -0.062037037037037036 0.11302083333333333 0.13518518518518519
