0 0.33567708333333335 0.9208333333333333 0.050520833333333334 0.18796296296296297
2 0.3841145833333333 1.101388888888889 0.07552083333333333 0.10462962962962963
0 0.41302083333333334 0.9546296296296296 0.04791666666666667 0.19444444444444445
0 0.4557291666666667 1.0199074074074075 0.11979166666666667 0.0824074074074074
0 0.46041666666666664 0.9189814814814815 0.09479166666666666 0.08425925925925926
1 0.63359375 1.0782407407407408 0.0484375 0.2564814814814815
0 0.4278645833333333 0.6759259259259259 0.09947916666666666 0.12407407407407407
0 0.4744791666666667 0.6777777777777778 0.052083333333333336 0.24444444444444444
0 0.5203125 0.4532407407407407 0.03333333333333333 0.0712962962962963
0 0.5658854166666667 0.4439814814814815 0.10260416666666666 0.1824074074074074
1 0.6966145833333334 0.19074074074074074 0.14635416666666667 0.08888888888888889
0 0.6171875 0.04953703703703704 0.04479166666666667 0.05462962962962963
2 0.6278645833333333 -0.033796296296296297 0.08802083333333334 0.11203703703703703
1 0.2755208333333333 0.2439814814814815 0.07083333333333333 0.1527777777777778
0 0.30130208333333336 0.1726851851851852 0.0640625 0.18796296296296297
0 0.35520833333333335 0.20416666666666666 0.12916666666666668 0.10648148148148148
0 0.378125 0.10231481481481482 0.084375 0.08055555555555556
0 0.35390625 0.019444444444444445 0.08697916666666666 0.11296296296296296
0 0.4161458333333333 0.1259259259259259 0.052083333333333336 0.24444444444444444
1 0.34661458333333334 -0.062037037037037036 0.11302083333333333 0.13518518518518519
