0 0.33567708333333335 0.08009259259259259 0.050520833333333334 0.18796296296296297
2 0.3841145833333333 -0.10046296296296296 0.07552083333333333 0.10462962962962963
0 0.41302083333333334 0.046296296296296294 0.04791666666666667 0.19444444444444445
0 0.4557291666666667 -0.01898148148148148 0.11979166666666667 0.0824074074074074
0 0.46041666666666664 0.08194444444444444 0.09479166666666666 0.08425925925925926
1 0.63359375 -0.07731481481481481 0.0484375 0.2564814814814815
0 0.4278645833333333 0.325 0.09947916666666666 0.12407407407407407
0 0.4744791666666667 0.32314814814814813 0.052083333333333336 0.24444444444444444
0 0.5203125 0.5476851851851852 0.03333333333333333 0.0712962962962963
0 0.5658854166666667 0.5569444444444445 0.10260416666666666 0.1824074074074074
1 0.6966145833333334 0.8101851851851852 0.14635416666666667 0.08888888888888889
0 0.6171875 0.9513888888888888 0.04479166666666667 0.05462962962962963
2 0.6278645833333333 1.0347222222222223 0.08802083333333334 0.11203703703703703
1 0.2755208333333333 0.7564814814814815 0.07083333333333333 0.15185185185185185
0 0.30130208333333336 0.8282407407407407 0.0640625 0.18796296296296297
0 0.35520833333333335 0.7967592592592593 0.12916666666666668 0.10648148148148148
0 0.378125 0.8986111111111111 0.084375 0.08055555555555556
0 0.35390625 0.9814814814814815 0.08697916666666666 0.11296296296296296
0 0.4161458333333333 0.875 0.052083333333333336 0.24444444444444444
1 0.34661458333333334 1.0629629629629629 0.11302083333333333 0.13518518518518519
