0 0.6651041666666667 0.9171296296296296 0.052083333333333336 0.1824074074074074
2 0.6166666666666667 1.0935185185185186 0.075 0.10555555555555556
0 0.5872395833333334 0.9495370370370371 0.0484375 0.1935185185185185
0 0.5453125 1.0115740740740742 0.12083333333333333 0.0824074074074074
0 0.540625 0.9138888888888889 0.09375 0.07962962962962963
1 0.365625 1.076851851851852 0.04791666666666667 0.2574074074074074
0 0.5723958333333333 0.6703703703703704 0.09895833333333333 0.1259259259259259
0 0.5260416666666666 0.6763888888888889 0.046875 0.23796296296296296
0 0.4791666666666667 0.45092592592592595 0.03333333333333333 0.07222222222222222
0 0.4348958333333333 0.4393518518518518 0.10520833333333333 0.1824074074074074
1 0.30807291666666664 0.1824074074074074 0.14114583333333333 0.09259259259259259
0 0.38359375 0.047685185185185185 0.044270833333333336 0.05092592592592592
2 0.3734375 -0.034722222222222224 0.0875 0.11203703703703703
1 0.7223958333333333 0.2518518518518518 0.071875 0.1259259259259259
1 0.659375 -0.059722222222222225 0.11458333333333333 0.11388888888888889
0 0.646875 0.020370370370370372 0.084375 0.10925925925925926
0 0.6973958333333333 0.17175925925925925 0.0625 0.19537037037037036
0 0.646875 0.20462962962962963 0.128125 0.10740740740740741
0 0.6231770833333333 0.10046296296296296 0.08697916666666666 0.08055555555555556
0 0.5856770833333333 0.12407407407407407 0.050520833333333334 0.23703703703703705
