0 0.26588541666666665 0.7944444444444444 0.10260416666666666 0.09259259259259259
2 0.16666666666666666 0.7083333333333334 0.059375 0.13333333333333333
0 0.24765625 0.6560185185185186 0.10885416666666667 0.08611111111111111
0 0.21276041666666667 0.5814814814814815 0.04635416666666667 0.21481481481481482
0 0.2677083333333333 0.5731481481481482 0.04479166666666667 0.16666666666666666
1 0.17604166666666668 0.262037037037037 0.14479166666666668 0.08518518518518518
0 0.4046875 0.6296296296296297 0.07083333333333333 0.17592592592592593
0 0.40130208333333334 0.5472222222222223 0.13385416666666666 0.08333333333333333
0 0.528125 0.4638888888888889 0.040625 0.05925925925925926
0 0.5346354166666667 0.3851851851851852 0.10260416666666666 0.18703703703703703
1 0.67890625 0.1597222222222222 0.0515625 0.25092592592592594
0 0.7549479166666667 0.29398148148148145 0.028645833333333332 0.0787037037037037
2 0.8013020833333333 0.2759259259259259 0.06302083333333333 0.15555555555555556
1 0.6401041666666667 0.8962962962962963 0.07083333333333333 0.12777777777777777
1 0.8153645833333333 0.7842592592592592 0.0640625 0.2037037037037037
0 0.7703125 0.7620370370370371 0.06145833333333333 0.15
0 0.68515625 0.8518518518518519 0.10989583333333333 0.1111111111111111
0 0.6666666666666666 0.7620370370370371 0.06041666666666667 0.22777777777777777
0 0.7252604166666666 0.7199074074074074 0.0453125 0.15462962962962962
0 0.7119791666666667 0.6532407407407408 0.13333333333333333 0.08981481481481482
