0 0.334375 0.0837962962962963 0.052083333333333336 0.1824074074074074
2 0.3828125 -0.09259259259259259 0.075 0.10555555555555556
0 0.4122395833333333 0.05138888888888889 0.0484375 0.1935185185185185
0 0.45416666666666666 -0.010648148148148148 0.12083333333333333 0.0824074074074074
0 0.4588541666666667 0.08703703703703704 0.09375 0.07962962962962963
1 0.6338541666666667 -0.07592592592592592 0.04791666666666667 0.2574074074074074
0 0.4270833333333333 0.33055555555555555 0.09895833333333333 0.1259259259259259
0 0.4734375 0.324537037037037 0.046875 0.23796296296296296
0 0.5203125 0.55 0.03333333333333333 0.07222222222222222
0 0.5645833333333333 0.5615740740740741 0.10520833333333333 0.1824074074074074
1 0.69140625 0.8180555555555555 0.14114583333333333 0.09166666666666666
0 0.6158854166666666 0.9532407407407407 0.044270833333333336 0.05092592592592592
2 0.6260416666666667 1.035648148148148 0.0875 0.11203703703703703
1 0.27708333333333335 0.7490740740740741 0.071875 0.1259259259259259
1 0.34010416666666665 1.0606481481481482 0.11458333333333333 0.11388888888888889
0 0.35260416666666666 0.9805555555555555 0.084375 0.10925925925925926
0 0.3020833333333333 0.8291666666666667 0.0625 0.19537037037037036
0 0.35260416666666666 0.7962962962962963 0.128125 0.10740740740740741
0 0.3763020833333333 0.9004629629629629 0.08697916666666666 0.08055555555555556
0 0.41380208333333335 0.8768518518518519 0.050520833333333334 0.23703703703703705
