0 0.7346354166666667 0.2064814814814815 0.10260416666666666 0.09259259259259259
2 0.8338541666666667 0.29259259259259257 0.059375 0.13333333333333333
0 0.7528645833333333 0.3449074074074074 0.10885416666666667 0.08611111111111111
0 0.7877604166666666 0.41944444444444445 0.04635416666666667 0.21481481481481482
0 0.7328125 0.42777777777777776 0.04479166666666667 0.16666666666666666
1 0.8244791666666667 0.7388888888888889 0.14479166666666668 0.08518518518518518
0 0.5958333333333333 0.3712962962962963 0.07083333333333333 0.17592592592592593
0 0.59921875 0.4537037037037037 0.13385416666666666 0.08333333333333333
0 0.47239583333333335 0.5370370370370371 0.040625 0.05925925925925926
0 0.46588541666666666 0.6157407407407407 0.10260416666666666 0.18703703703703703
1 0.3216145833333333 0.8412037037037037 0.0515625 0.25092592592592594
0 0.24557291666666667 0.7069444444444445 0.028645833333333332 0.0787037037037037
2 0.19921875 0.725 0.06302083333333333 0.15555555555555556
1 0.36041666666666666 0.10462962962962963 0.07083333333333333 0.12777777777777777
1 0.18515625 0.21666666666666667 0.0640625 0.2037037037037037
0 0.23020833333333332 0.2388888888888889 0.06145833333333333 0.15
0 0.31536458333333334 0.14907407407407408 0.10989583333333333 0.1111111111111111
0 0.3338541666666667 0.2388888888888889 0.06041666666666667 0.22777777777777777
0 0.2752604166666667 0.2810185185185185 0.0453125 0.15462962962962962
0 0.28854166666666664 0.3476851851851852 0.13333333333333333 0.08981481481481482
