0 0.6661458333333333 0.9152777777777777 0.05416666666666667 0.18055555555555555
2 0.6174479166666667 1.0958333333333334 0.07552083333333333 0.10462962962962963
0 0.5893229166666667 0.9486111111111111 0.04739583333333333 0.1935185185185185
0 0.5484375 1.012962962962963 0.11979166666666667 0.07962962962962963
0 0.5432291666666667 0.9125 0.09479166666666666 0.08796296296296297
1 0.3653645833333333 1.0671296296296295 0.0546875 0.23796296296296296
0 0.57578125 0.6722222222222223 0.09635416666666667 0.11851851851851852
0 0.5283854166666667 0.6791666666666667 0.050520833333333334 0.24351851851851852
0 0.48333333333333334 0.44722222222222224 0.03229166666666667 0.06666666666666667
0 0.4401041666666667 0.44351851851851853 0.10416666666666667 0.17777777777777778
1 0.3109375 0.18611111111111112 0.13958333333333334 0.08518518518518518
2 0.37526041666666665 -0.02962962962962963 0.08385416666666666 0.1111111111111111
0 0.3875 0.04722222222222222 0.04479166666666667 0.05185185185185185
1 0.725 0.2513888888888889 0.06875 0.1287037037037037
1 0.6619791666666667 -0.05555555555555555 0.11979166666666667 0.10925925925925926
0 0.70078125 0.175 0.06197916666666667 0.18333333333333332
0 0.6473958333333333 0.20416666666666666 0.125 0.10092592592592593
0 0.6252604166666667 0.10462962962962963 0.08177083333333333 0.07962962962962963
0 0.6471354166666666 0.021296296296296296 0.09114583333333333 0.10740740740740741
0 0.5872395833333334 0.12685185185185185 0.050520833333333334 0.2462962962962963
