0 0.73359375 0.20462962962962963 0.1015625 0.0962962962962963
2 0.83515625 0.2912037037037037 0.058854166666666666 0.13425925925925927
0 0.75234375 0.34120370370370373 0.10885416666666667 0.08425925925925926
0 0.7885416666666667 0.41388888888888886 0.04479166666666667 0.21296296296296297
0 0.73203125 0.42314814814814816 0.049479166666666664 0.1685185185185185
1 0.8190104166666666 0.7393518518518518 0.13385416666666666 0.09722222222222222
0 0.596875 0.36527777777777776 0.06666666666666667 0.1712962962962963
0 0.60078125 0.449537037037037 0.13697916666666668 0.08981481481481482
0 0.4703125 0.5296296296296297 0.0375 0.05740740740740741
0 0.46822916666666664 0.6064814814814815 0.1 0.18518518518518517
1 0.32369791666666664 0.8361111111111111 0.04739583333333333 0.24814814814814815
2 0.20208333333333334 0.7217592592592592 0.0625 0.14907407407407408
0 0.2453125 0.7 0.029166666666666667 0.07962962962962963
1 0.36015625 0.1 0.07239583333333334 0.12222222222222222
1 0.1875 0.21203703703703702 0.06145833333333333 0.21296296296296297
0 0.3171875 0.14305555555555555 0.103125 0.11018518518518519
0 0.33359375 0.23796296296296296 0.05677083333333333 0.2222222222222222
0 0.27760416666666665 0.2773148148148148 0.04479166666666667 0.14537037037037037
0 0.23072916666666668 0.23842592592592593 0.06041666666666667 0.16203703703703703
0 0.29010416666666666 0.3449074074074074 0.13854166666666667 0.08981481481481482
