0 0.3333333333333333 0.08564814814814815 0.05416666666666667 0.18055555555555555
2 0.38203125 -0.09490740740740741 0.07552083333333333 0.10462962962962963
0 0.41015625 0.052314814814814814 0.04739583333333333 0.1935185185185185
0 0.4510416666666667 -0.012037037037037037 0.11979166666666667 0.07962962962962963
0 0.45625 0.08842592592592592 0.09479166666666666 0.08796296296296297
1 0.6341145833333334 -0.06620370370370371 0.0546875 0.23796296296296296
0 0.4236979166666667 0.3287037037037037 0.09635416666666667 0.11851851851851852
0 0.47109375 0.32175925925925924 0.050520833333333334 0.24351851851851852
0 0.5161458333333333 0.5537037037037037 0.03229166666666667 0.06666666666666667
0 0.559375 0.5574074074074075 0.10416666666666667 0.17777777777777778
1 0.6885416666666667 0.8143518518518519 0.13958333333333334 0.08425925925925926
2 0.62421875 1.0305555555555554 0.08385416666666666 0.1111111111111111
0 0.6119791666666666 0.9537037037037037 0.04479166666666667 0.05185185185185185
1 0.27447916666666666 0.749537037037037 0.06875 0.1287037037037037
1 0.3375 1.0564814814814816 0.11979166666666667 0.10925925925925926
0 0.2986979166666667 0.825925925925926 0.06197916666666667 0.18333333333333332
0 0.35208333333333336 0.7967592592592593 0.125 0.10092592592592593
0 0.37421875 0.8962962962962963 0.08177083333333333 0.07962962962962963
0 0.35234375 0.9796296296296296 0.09114583333333333 0.10740740740740741
0 0.4122395833333333 0.8740740740740741 0.050520833333333334 0.2462962962962963
