0 0.26953125 0.19953703703703704 0.1015625 0.09537037037037037
2 0.16770833333333332 0.28564814814814815 0.057291666666666664 0.1361111111111111
0 0.24973958333333332 0.337037037037037 0.10989583333333333 0.08333333333333333
0 0.21458333333333332 0.4097222222222222 0.046875 0.21203703703703702
0 0.26927083333333335 0.41944444444444445 0.04479166666666667 0.17222222222222222
1 0.18307291666666667 0.7324074074074074 0.13489583333333333 0.09814814814814815
0 0.4049479166666667 0.36435185185185187 0.07135416666666666 0.16944444444444445
0 0.403125 0.44351851851851853 0.13333333333333333 0.09074074074074075
0 0.5307291666666667 0.5259259259259259 0.036458333333333336 0.05740740740740741
0 0.5361979166666667 0.6078703703703704 0.09947916666666666 0.18425925925925926
1 0.64609375 0.09398148148148149 0.0765625 0.11574074074074074
0 0.6893229166666667 0.13935185185185187 0.1078125 0.10833333333333334
0 0.6708333333333333 0.2337962962962963 0.05625 0.225
0 0.7270833333333333 0.2759259259259259 0.04375 0.15185185185185185
0 0.7760416666666666 0.23194444444444445 0.058333333333333334 0.15092592592592594
1 0.8145833333333333 0.20416666666666666 0.06979166666666667 0.2175925925925926
0 0.7138020833333333 0.33935185185185185 0.13697916666666668 0.08611111111111111
1 0.6783854166666666 0.8356481481481481 0.044270833333333336 0.25277777777777777
0 0.7565104166666666 0.6995370370370371 0.0265625 0.0787037037037037
2 0.8041666666666667 0.7194444444444444 0.06458333333333334 0.15185185185185185
