0 0.6690104166666667 0.9106481481481481 0.05364583333333333 0.18055555555555555
2 0.6205729166666667 1.0916666666666666 0.0765625 0.10185185185185185
0 0.5916666666666667 0.9458333333333333 0.046875 0.19537037037037036
0 0.55078125 1.0083333333333333 0.11927083333333334 0.08333333333333333
0 0.5453125 0.9111111111111111 0.096875 0.07962962962962963
1 0.3692708333333333 1.0643518518518518 0.05520833333333333 0.23981481481481481
0 0.5763020833333333 0.6699074074074074 0.0953125 0.12685185185185185
0 0.5317708333333333 0.6731481481481482 0.051041666666666666 0.23703703703703705
0 0.48541666666666666 0.4462962962962963 0.03229166666666667 0.06481481481481481
0 0.4393229166666667 0.43657407407407406 0.10364583333333334 0.17685185185185184
1 0.7283854166666667 0.2412037037037037 0.06510416666666667 0.1361111111111111
0 0.7028645833333333 0.16435185185185186 0.0609375 0.19166666666666668
0 0.6497395833333334 0.19722222222222222 0.1265625 0.1
0 0.6260416666666667 0.09722222222222222 0.08541666666666667 0.07777777777777778
0 0.65078125 0.010185185185185186 0.08489583333333334 0.1037037037037037
1 0.66640625 -0.058333333333333334 0.12239583333333333 0.12407407407407407
0 0.5903645833333333 0.12083333333333333 0.0484375 0.24351851851851852
1 0.3111979166666667 0.18333333333333332 0.1421875 0.07962962962962963
0 0.38776041666666666 0.04490740740740741 0.044270833333333336 0.04722222222222222
2 0.3765625 -0.03981481481481482 0.08541666666666667 0.11481481481481481
