0 0.33046875 0.09027777777777778 0.05364583333333333 0.18055555555555555
2 0.37890625 -0.09074074074074075 0.0765625 0.10185185185185185
0 0.4078125 0.055092592592592596 0.046875 0.19537037037037036
0 0.44869791666666664 -0.007407407407407408 0.11927083333333334 0.08333333333333333
0 0.45416666666666666 0.08981481481481482 0.096875 0.07962962962962963
1 0.6302083333333334 -0.06342592592592593 0.05520833333333333 0.23981481481481481
0 0.4231770833333333 0.33101851851851855 0.0953125 0.12685185185185185
0 0.46770833333333334 0.3277777777777778 0.051041666666666666 0.23703703703703705
0 0.5140625 0.5546296296296296 0.03229166666666667 0.06481481481481481
0 0.56015625 0.5643518518518519 0.10364583333333334 0.17685185185185184
1 0.27109375 0.7597222222222222 0.06510416666666667 0.1361111111111111
0 0.29635416666666664 0.836574074074074 0.06145833333333333 0.19166666666666668
0 0.3497395833333333 0.8037037037037037 0.1265625 0.1
0 0.3734375 0.9037037037037037 0.08541666666666667 0.07777777777777778
0 0.34869791666666666 0.9907407407407407 0.08489583333333334 0.1037037037037037
1 0.33307291666666666 1.0592592592592593 0.12239583333333333 0.12407407407407407
0 0.40911458333333334 0.8800925925925925 0.0484375 0.24351851851851852
1 0.68828125 0.8171296296296297 0.1421875 0.0787037037037037
0 0.61171875 0.9560185185185185 0.044270833333333336 0.04722222222222222
2 0.6229166666666667 1.0407407407407407 0.08541666666666667 0.11481481481481481
