0 0.2596354166666667 0.22361111111111112 0.10572916666666667 0.10462962962962963
2 0.15104166666666666 0.3087962962962963 0.0625 0.15833333333333333
0 0.23671875 0.37222222222222223 0.1234375 0.08518518518518518
0 0.2015625 0.4527777777777778 0.051041666666666666 0.22777777777777777
0 0.25729166666666664 0.4587962962962963 0.052083333333333336 0.17314814814814813
2 0.20755208333333333 0.7861111111111111 0.06927083333333334 0.2111111111111111
0 0.4088541666666667 0.39675925925925926 0.08125 0.18796296296296297
0 0.40234375 0.4925925925925926 0.14427083333333332 0.0962962962962963
0 0.5359375 0.5662037037037037 0.040625 0.14166666666666666
0 0.5416666666666666 0.6662037037037037 0.1125 0.20833333333333334
0 0.5802083333333333 0.7217592592592592 0.027083333333333334 0.05092592592592592
1 0.6309895833333333 0.7402777777777778 0.08489583333333334 0.03611111111111111
0 0.8315104166666667 0.7958333333333333 0.06927083333333334 0.18981481481481483
1 0.7375 0.8888888888888888 0.08958333333333333 0.18518518518518517
1 0.6171875 0.12685185185185185 0.065625 0.18888888888888888
0 0.7078125 0.1587962962962963 0.11145833333333334 0.12314814814814815
1 0.8528645833333334 0.42453703703703705 0.07239583333333334 0.16203703703703703
0 0.6911458333333333 0.26666666666666666 0.06145833333333333 0.24444444444444444
0 0.8106770833333333 0.2662037037037037 0.0828125 0.16574074074074074
0 0.7533854166666667 0.30972222222222223 0.043229166666666666 0.16018518518518518
0 0.7393229166666667 0.38055555555555554 0.14114583333333333 0.10185185185185185
