0 0.34401041666666665 0.9282407407407407 0.058854166666666666 0.18796296296296297
2 0.3919270833333333 1.1212962962962962 0.0890625 0.1111111111111111
0 0.4276041666666667 0.9689814814814814 0.04791666666666667 0.21944444444444444
0 0.47291666666666665 1.0314814814814814 0.128125 0.09074074074074075
0 0.47630208333333335 0.9324074074074075 0.09739583333333333 0.09259259259259259
2 0.6604166666666667 1.0208333333333333 0.11875 0.12314814814814815
0 0.44140625 0.662962962962963 0.10572916666666667 0.14444444444444443
0 0.4953125 0.674537037037037 0.05416666666666667 0.2564814814814815
0 0.53671875 0.43703703703703706 0.0796875 0.07222222222222222
0 0.59296875 0.42685185185185187 0.1171875 0.2
0 0.62421875 0.35833333333333334 0.028645833333333332 0.04814814814814815
1 0.6346354166666667 0.26805555555555555 0.0203125 0.15092592592592594
0 0.6658854166666667 -0.08842592592592592 0.10677083333333333 0.12314814814814815
1 0.7182291666666667 0.0787037037037037 0.10416666666666667 0.15925925925925927
1 0.28958333333333336 0.29212962962962963 0.10625 0.1175925925925926
0 0.30755208333333334 0.13148148148148148 0.06927083333333334 0.19814814814814816
1 0.45703125 -0.12638888888888888 0.09114583333333333 0.1287037037037037
0 0.36822916666666666 0.16111111111111112 0.1375 0.10925925925925926
0 0.36796875 -0.05138888888888889 0.09322916666666667 0.14722222222222223
0 0.3924479166666667 0.050462962962962966 0.09010416666666667 0.07685185185185185
0 0.4322916666666667 0.07546296296296297 0.057291666666666664 0.25092592592592594
