0 0.65546875 0.9282407407407407 0.058854166666666666 0.18796296296296297
2 0.6075520833333333 1.1212962962962962 0.0890625 0.1111111111111111
0 0.571875 0.9689814814814814 0.04791666666666667 0.21944444444444444
0 0.5265625 1.0314814814814814 0.128125 0.09074074074074075
0 0.5231770833333333 0.9324074074074075 0.09739583333333333 0.09259259259259259
2 0.3390625 1.0208333333333333 0.11875 0.12314814814814815
0 0.5580729166666667 0.662962962962963 0.10572916666666667 0.14444444444444443
0 0.5041666666666667 0.674537037037037 0.05416666666666667 0.2564814814814815
0 0.4627604166666667 0.43703703703703706 0.0796875 0.07222222222222222
0 0.40651041666666665 0.42685185185185187 0.1171875 0.2
0 0.37526041666666665 0.35833333333333334 0.028645833333333332 0.04814814814814815
1 0.36484375 0.26805555555555555 0.0203125 0.15092592592592594
0 0.33359375 -0.08842592592592592 0.10677083333333333 0.12314814814814815
1 0.28125 0.0787037037037037 0.10416666666666667 0.15925925925925927
1 0.7098958333333333 0.29259259259259257 0.10625 0.11666666666666667
0 0.6919270833333333 0.13148148148148148 0.06927083333333334 0.19814814814814816
1 0.5424479166666667 -0.12638888888888888 0.09114583333333333 0.1287037037037037
0 0.63125 0.16111111111111112 0.1375 0.10925925925925926
0 0.6315104166666666 -0.05138888888888889 0.09322916666666667 0.14722222222222223
0 0.60703125 0.050462962962962966 0.09010416666666667 0.07685185185185185
0 0.5671875 0.07546296296296297 0.057291666666666664 0.25092592592592594
