0 0.34401041666666665 0.07268518518518519 0.058854166666666666 0.18796296296296297
2 0.3919270833333333 -0.12037037037037036 0.0890625 0.1111111111111111
0 0.4276041666666667 0.03194444444444444 0.04791666666666667 0.21944444444444444
0 0.47291666666666665 -0.030555555555555555 0.128125 0.09074074074074075
0 0.47630208333333335 0.06851851851851852 0.09739583333333333 0.09259259259259259
2 0.6604166666666667 -0.01990740740740741 0.11875 0.12314814814814815
0 0.44140625 0.33796296296296297 0.10572916666666667 0.14444444444444443
0 0.4953125 0.3263888888888889 0.05416666666666667 0.2564814814814815
0 0.53671875 0.5638888888888889 0.0796875 0.07222222222222222
0 0.59296875 0.5740740740740741 0.1171875 0.2
0 0.62421875 0.6425925925925926 0.028645833333333332 0.04814814814814815
1 0.6346354166666667 0.7328703703703704 0.0203125 0.15092592592592594
0 0.6658854166666667 1.089351851851852 0.10677083333333333 0.12314814814814815
1 0.7182291666666667 0.9222222222222223 0.10416666666666667 0.15925925925925927
1 0.28958333333333336 0.7083333333333334 0.10625 0.11666666666666667
0 0.30755208333333334 0.8694444444444445 0.06927083333333334 0.19814814814814816
1 0.45703125 1.1273148148148149 0.09114583333333333 0.1287037037037037
0 0.36822916666666666 0.8398148148148148 0.1375 0.10925925925925926
0 0.36796875 1.052314814814815 0.09322916666666667 0.14722222222222223
0 0.3924479166666667 0.950462962962963 0.09010416666666667 0.07685185185185185
0 0.4322916666666667 0.9254629629629629 0.057291666666666664 0.25092592592592594
