0 0.265625 0.7615740740740741 0.10729166666666666 0.09907407407407408
2 0.159375 0.6796296296296296 0.06458333333333334 0.1574074074074074
0 0.24192708333333332 0.625 0.11927083333333334 0.07222222222222222
0 0.20963541666666666 0.5458333333333333 0.05364583333333333 0.21388888888888888
0 0.2640625 0.5351851851851852 0.04583333333333333 0.1685185185185185
2 0.21276041666666667 0.22083333333333333 0.059895833333333336 0.20462962962962963
0 0.41067708333333336 0.5907407407407408 0.08697916666666666 0.17592592592592593
0 0.403125 0.5018518518518519 0.14270833333333333 0.09259259259259259
0 0.52734375 0.45555555555555555 0.03697916666666667 0.2222222222222222
0 0.5356770833333333 0.337037037037037 0.1078125 0.1925925925925926
0 0.5770833333333333 0.27824074074074073 0.025 0.058333333333333334
0 0.6747395833333333 0.22546296296296298 0.028645833333333332 0.06759259259259259
1 0.70078125 0.10185185185185185 0.0359375 0.07592592592592592
0 0.8135416666666667 0.21805555555555556 0.06666666666666667 0.1787037037037037
1 0.83515625 0.5282407407407408 0.08385416666666666 0.20277777777777778
1 0.7151041666666667 0.8356481481481481 0.075 0.14907407407407408
1 0.6203125 0.8111111111111111 0.059375 0.18888888888888888
1 0.6783854166666666 0.7277777777777777 0.06510416666666667 0.24444444444444444
0 0.740625 0.675 0.040625 0.14629629629629629
0 0.7302083333333333 0.6060185185185185 0.13541666666666666 0.10277777777777777
0 0.7947916666666667 0.711574074074074 0.08229166666666667 0.17314814814814813
