0 0.7348958333333333 0.23935185185185184 0.10729166666666666 0.09907407407407408
2 0.8411458333333334 0.3212962962962963 0.06458333333333334 0.1574074074074074
0 0.75859375 0.37592592592592594 0.11927083333333334 0.07222222222222222
0 0.7908854166666667 0.4550925925925926 0.05364583333333333 0.21388888888888888
0 0.7364583333333333 0.46574074074074073 0.04583333333333333 0.1685185185185185
2 0.7877604166666666 0.7800925925925926 0.059895833333333336 0.20462962962962963
0 0.58984375 0.4101851851851852 0.08697916666666666 0.17592592592592593
0 0.5973958333333333 0.49907407407407406 0.14270833333333333 0.09259259259259259
0 0.47317708333333336 0.5453703703703704 0.03697916666666667 0.2222222222222222
0 0.46484375 0.6638888888888889 0.1078125 0.1925925925925926
0 0.4234375 0.7226851851851852 0.025 0.058333333333333334
0 0.32578125 0.7754629629629629 0.028645833333333332 0.06759259259259259
1 0.29973958333333334 0.899074074074074 0.0359375 0.07592592592592592
0 0.18697916666666667 0.7828703703703703 0.06666666666666667 0.1787037037037037
1 0.16536458333333334 0.4726851851851852 0.08385416666666666 0.20277777777777778
1 0.28541666666666665 0.16527777777777777 0.075 0.14907407407407408
1 0.3802083333333333 0.18981481481481483 0.059375 0.18888888888888888
1 0.3221354166666667 0.27314814814814814 0.06510416666666667 0.24444444444444444
0 0.2598958333333333 0.32592592592592595 0.040625 0.14629629629629629
0 0.2703125 0.39490740740740743 0.13541666666666666 0.10277777777777777
0 0.20572916666666666 0.28935185185185186 0.08229166666666667 0.17314814814814813
