0 0.3528645833333333 0.08333333333333333 0.05572916666666667 0.19074074074074074
2 0.39895833333333336 -0.10555555555555556 0.08854166666666667 0.11481481481481481
0 0.4296875 0.0412037037037037 0.040625 0.21203703703703702
0 0.47421875 -0.016203703703703703 0.1203125 0.09537037037037037
0 0.48020833333333335 0.08055555555555556 0.09479166666666666 0.08148148148148149
2 0.65703125 -0.010648148148148148 0.11510416666666666 0.10648148148148148
0 0.44895833333333335 0.34120370370370373 0.09895833333333333 0.15462962962962962
0 0.49895833333333334 0.3277777777777778 0.052083333333333336 0.2537037037037037
0 0.525 0.5486111111111112 0.125 0.06574074074074074
0 0.5916666666666667 0.5634259259259259 0.10833333333333334 0.19166666666666668
0 0.6247395833333333 0.6370370370370371 0.0328125 0.044444444444444446
0 0.6544270833333333 0.8106481481481481 0.03802083333333333 0.05092592592592592
1 0.7239583333333334 0.8569444444444444 0.042708333333333334 0.06388888888888888
0 0.65859375 1.0574074074074074 0.10052083333333334 0.11851851851851852
1 0.48411458333333335 1.0958333333333334 0.1140625 0.14907407407407408
1 0.3111979166666667 0.8824074074074074 0.08385416666666666 0.13333333333333333
1 0.325 0.7138888888888889 0.10625 0.10555555555555556
1 0.371875 0.8171296296296297 0.1375 0.11574074074074074
0 0.4015625 0.9277777777777778 0.08229166666666667 0.07222222222222222
0 0.44036458333333334 0.9092592592592592 0.0578125 0.24074074074074073
0 0.3809895833333333 1.0240740740740741 0.09739583333333333 0.14629629629629629
