0 0.3528645833333333 0.9175925925925926 0.05572916666666667 0.19074074074074074
2 0.39895833333333336 1.1064814814814814 0.08854166666666667 0.11481481481481481
0 0.4296875 0.9597222222222223 0.040625 0.21203703703703702
0 0.47421875 1.0171296296296297 0.1203125 0.09537037037037037
0 0.48020833333333335 0.9203703703703704 0.09479166666666666 0.08148148148148149
2 0.65703125 1.0115740740740742 0.11510416666666666 0.10648148148148148
0 0.44895833333333335 0.6597222222222222 0.09895833333333333 0.15462962962962962
0 0.49895833333333334 0.6731481481481482 0.052083333333333336 0.2537037037037037
0 0.525 0.45231481481481484 0.125 0.06574074074074074
0 0.5916666666666667 0.4375 0.10833333333333334 0.19166666666666668
0 0.6247395833333333 0.3638888888888889 0.0328125 0.044444444444444446
0 0.6544270833333333 0.19027777777777777 0.03802083333333333 0.05092592592592592
1 0.7239583333333334 0.1439814814814815 0.042708333333333334 0.06388888888888888
0 0.65859375 -0.05648148148148148 0.10052083333333334 0.11851851851851852
1 0.48411458333333335 -0.09490740740740741 0.1140625 0.14907407407407408
1 0.3111979166666667 0.11851851851851852 0.08385416666666666 0.13333333333333333
1 0.325 0.28703703703703703 0.10625 0.10555555555555556
1 0.371875 0.1837962962962963 0.1375 0.11574074074074074
0 0.4015625 0.07314814814814814 0.08229166666666667 0.07222222222222222
0 0.44036458333333334 0.09166666666666666 0.0578125 0.24074074074074073
0 0.3809895833333333 -0.023148148148148147 0.09739583333333333 0.14629629629629629
