0 0.26640625 0.22268518518518518 0.1078125 0.10833333333333334
2 0.15494791666666666 0.3111111111111111 0.06302083333333333 0.16111111111111112
0 0.24140625 0.3712962962962963 0.11822916666666666 0.08333333333333333
0 0.20208333333333334 0.45046296296296295 0.04583333333333333 0.22870370370370371
0 0.26119791666666664 0.4587962962962963 0.0484375 0.1787037037037037
2 0.20755208333333333 0.7842592592592592 0.06302083333333333 0.20925925925925926
1 0.4153645833333333 0.39861111111111114 0.0828125 0.18611111111111112
0 0.40572916666666664 0.49074074074074076 0.14479166666666668 0.0962962962962963
0 0.5372395833333333 0.5606481481481481 0.049479166666666664 0.125
0 0.5458333333333333 0.6652777777777777 0.11145833333333334 0.20277777777777778
0 0.5859375 0.7180555555555556 0.023958333333333335 0.062037037037037036
0 0.8375 0.7847222222222222 0.06770833333333333 0.19166666666666668
1 0.7453125 0.8768518518518519 0.09895833333333333 0.20185185185185187
1 0.62265625 0.13425925925925927 0.0734375 0.17407407407407408
1 0.8575520833333333 0.40324074074074073 0.0671875 0.19166666666666668
0 0.715625 0.1574074074074074 0.11354166666666667 0.1259259259259259
0 0.6955729166666667 0.26481481481481484 0.06197916666666667 0.2462962962962963
0 0.7432291666666667 0.37824074074074077 0.13958333333333334 0.10648148148148148
0 0.75703125 0.30462962962962964 0.0484375 0.16296296296296298
0 0.8138020833333334 0.2611111111111111 0.07760416666666667 0.16111111111111112
