0 0.34348958333333335 0.9162037037037037 0.0609375 0.19166666666666668
2 0.3932291666666667 1.1143518518518518 0.090625 0.11203703703703703
0 0.4270833333333333 0.9606481481481481 0.046875 0.2101851851851852
0 0.47161458333333334 1.0305555555555554 0.12864583333333332 0.08148148148148149
0 0.47630208333333335 0.9254629629629629 0.10052083333333334 0.08611111111111111
2 0.659375 1.0208333333333333 0.11770833333333333 0.11203703703703703
1 0.44244791666666666 0.6513888888888889 0.1046875 0.14722222222222223
0 0.4942708333333333 0.6685185185185185 0.05416666666666667 0.2574074074074074
0 0.53359375 0.43472222222222223 0.0703125 0.08796296296296297
0 0.5924479166666666 0.41944444444444445 0.1140625 0.19814814814814816
0 0.6221354166666667 0.34814814814814815 0.034895833333333334 0.04259259259259259
0 0.6596354166666667 -0.09907407407407408 0.1078125 0.12037037037037036
1 0.7114583333333333 0.06481481481481481 0.11354166666666667 0.17592592592592593
1 0.29375 0.2824074074074074 0.09791666666666667 0.13148148148148148
1 0.44505208333333335 -0.13472222222222222 0.1078125 0.11944444444444445
0 0.3067708333333333 0.1175925925925926 0.07083333333333333 0.20185185185185187
0 0.3671875 0.15324074074074073 0.13854166666666667 0.11018518518518519
0 0.4309895833333333 0.06851851851851852 0.059895833333333336 0.24814814814814815
0 0.38958333333333334 0.04398148148148148 0.09166666666666666 0.08611111111111111
0 0.3651041666666667 -0.05694444444444444 0.090625 0.13796296296296295
