0 0.7341145833333333 0.22268518518518518 0.1078125 0.10833333333333334
2 0.8455729166666667 0.3111111111111111 0.06302083333333333 0.16111111111111112
0 0.7591145833333334 0.3712962962962963 0.11822916666666666 0.08333333333333333
0 0.7984375 0.45046296296296295 0.04583333333333333 0.22870370370370371
0 0.7393229166666667 0.4587962962962963 0.0484375 0.1787037037037037
2 0.79296875 0.7842592592592592 0.06302083333333333 0.20925925925925926
1 0.58515625 0.39861111111111114 0.0828125 0.18611111111111112
0 0.5947916666666667 0.49074074074074076 0.14479166666666668 0.0962962962962963
0 0.46328125 0.5606481481481481 0.049479166666666664 0.125
0 0.4546875 0.6652777777777777 0.11145833333333334 0.20277777777777778
0 0.41458333333333336 0.7180555555555556 0.023958333333333335 0.062037037037037036
0 0.16302083333333334 0.7847222222222222 0.06770833333333333 0.19166666666666668
1 0.2552083333333333 0.8768518518518519 0.09895833333333333 0.20185185185185187
1 0.37786458333333334 0.13425925925925927 0.0734375 0.17407407407407408
1 0.14296875 0.40324074074074073 0.0671875 0.19166666666666668
0 0.28489583333333335 0.1574074074074074 0.11354166666666667 0.1259259259259259
0 0.30494791666666665 0.26481481481481484 0.06197916666666667 0.2462962962962963
0 0.25729166666666664 0.37824074074074077 0.13958333333333334 0.10648148148148148
0 0.24348958333333334 0.30462962962962964 0.0484375 0.16296296296296298
0 0.18671875 0.2611111111111111 0.07760416666666667 0.16111111111111112
