0 0.34348958333333335 0.08472222222222223 0.0609375 0.19166666666666668
2 0.3932291666666667 -0.11342592592592593 0.090625 0.11203703703703703
0 0.4270833333333333 0.04027777777777778 0.046875 0.2101851851851852
0 0.47161458333333334 -0.02962962962962963 0.12864583333333332 0.08148148148148149
0 0.47630208333333335 0.07546296296296297 0.10052083333333334 0.08611111111111111
2 0.659375 -0.01990740740740741 0.11770833333333333 0.11203703703703703
1 0.44244791666666666 0.34953703703703703 0.1046875 0.14722222222222223
0 0.4942708333333333 0.33240740740740743 0.05416666666666667 0.2574074074074074
0 0.53359375 0.5662037037037037 0.0703125 0.08796296296296297
0 0.5924479166666666 0.5814814814814815 0.1140625 0.19814814814814816
0 0.6221354166666667 0.6527777777777778 0.034895833333333334 0.04259259259259259
0 0.6596354166666667 1.1 0.1078125 0.12037037037037036
1 0.7114583333333333 0.9361111111111111 0.11354166666666667 0.17592592592592593
1 0.29375 0.7180555555555556 0.09791666666666667 0.13055555555555556
1 0.44505208333333335 1.1356481481481482 0.1078125 0.11944444444444445
0 0.3067708333333333 0.8833333333333333 0.07083333333333333 0.20185185185185187
0 0.3671875 0.8476851851851852 0.13854166666666667 0.11018518518518519
0 0.4309895833333333 0.9324074074074075 0.059895833333333336 0.24814814814814815
0 0.38958333333333334 0.9569444444444445 0.09166666666666666 0.08611111111111111
0 0.3651041666666667 1.0578703703703705 0.090625 0.13796296296296295
