0 0.6559895833333333 0.9162037037037037 0.0609375 0.19166666666666668
2 0.60625 1.1143518518518518 0.090625 0.11203703703703703
0 0.5723958333333333 0.9606481481481481 0.046875 0.2101851851851852
0 0.5278645833333333 1.0305555555555554 0.12864583333333332 0.08148148148148149
0 0.5231770833333333 0.9254629629629629 0.10052083333333334 0.08611111111111111
2 0.34010416666666665 1.0208333333333333 0.11770833333333333 0.11203703703703703
1 0.55703125 0.6513888888888889 0.1046875 0.14722222222222223
0 0.5052083333333334 0.6685185185185185 0.05416666666666667 0.2574074074074074
0 0.46588541666666666 0.43472222222222223 0.0703125 0.08796296296296297
0 0.40703125 0.41944444444444445 0.1140625 0.19814814814814816
0 0.37734375 0.34814814814814815 0.034895833333333334 0.04259259259259259
0 0.33984375 -0.09907407407407408 0.1078125 0.12037037037037036
1 0.28802083333333334 0.06481481481481481 0.11354166666666667 0.17592592592592593
1 0.7057291666666666 0.2828703703703704 0.09791666666666667 0.13055555555555556
1 0.5544270833333333 -0.13472222222222222 0.1078125 0.11944444444444445
0 0.6927083333333334 0.1175925925925926 0.07083333333333333 0.20185185185185187
0 0.6322916666666667 0.15324074074074073 0.13854166666666667 0.11018518518518519
0 0.5684895833333333 0.06851851851851852 0.059895833333333336 0.24814814814814815
0 0.6098958333333333 0.04398148148148148 0.09166666666666666 0.08611111111111111
0 0.634375 -0.05694444444444444 0.090625 0.13796296296296295
