2 0.8416666666666667 0.3060185185185185 0.06354166666666666 0.16018518518518518
2 0.7888020833333333 0.7851851851851852 0.0640625 0.21481481481481482
0 0.7330729166666666 0.21851851851851853 0.10677083333333333 0.10185185185185185
0 0.7544270833333333 0.36666666666666664 0.11510416666666666 0.08333333333333333
0 0.79453125 0.44907407407407407 0.04635416666666667 0.22407407407407406
0 0.7330729166666666 0.45416666666666666 0.050520833333333334 0.16944444444444445
0 0.5817708333333333 0.39537037037037037 0.0875 0.18703703703703703
0 0.5903645833333333 0.48842592592592593 0.1453125 0.09351851851851851
0 0.4596354166666667 0.5560185185185185 0.049479166666666664 0.12129629629629629
0 0.4505208333333333 0.6652777777777777 0.11354166666666667 0.19537037037037036
0 0.41041666666666665 0.711574074074074 0.026041666666666668 0.06388888888888888
1 0.25546875 0.8703703703703703 0.0796875 0.2
1 0.15546875 0.7907407407407407 0.07447916666666667 0.18333333333333332
1 0.37057291666666664 0.12916666666666668 0.06510416666666667 0.16203703703703703
1 0.13229166666666667 0.3907407407407407 0.0625 0.19444444444444445
0 0.17942708333333332 0.26064814814814813 0.07760416666666667 0.16574074074074074
0 0.2791666666666667 0.1574074074074074 0.11354166666666667 0.12037037037037036
0 0.3 0.25972222222222224 0.06145833333333333 0.24537037037037038
0 0.25494791666666666 0.3763888888888889 0.14739583333333334 0.09907407407407408
0 0.23802083333333332 0.30462962962962964 0.04583333333333333 0.16666666666666666
