2 0.15885416666666666 0.6949074074074074 0.06354166666666666 0.16018518518518518
2 0.21171875 0.21574074074074073 0.0640625 0.21481481481481482
0 0.2674479166666667 0.7824074074074074 0.10677083333333333 0.10185185185185185
0 0.24609375 0.6342592592592593 0.11510416666666666 0.08333333333333333
0 0.20598958333333334 0.5518518518518518 0.04635416666666667 0.22407407407407406
0 0.2674479166666667 0.5467592592592593 0.050520833333333334 0.16944444444444445
0 0.41875 0.6055555555555555 0.0875 0.18703703703703703
0 0.41015625 0.5125 0.1453125 0.09351851851851851
0 0.5408854166666667 0.4449074074074074 0.049479166666666664 0.12129629629629629
0 0.55 0.33564814814814814 0.11354166666666667 0.19537037037037036
0 0.5901041666666667 0.28935185185185186 0.026041666666666668 0.06388888888888888
1 0.7450520833333333 0.13055555555555556 0.0796875 0.2
1 0.8450520833333334 0.2101851851851852 0.07447916666666667 0.18333333333333332
1 0.6299479166666667 0.8717592592592592 0.06510416666666667 0.16203703703703703
1 0.8682291666666667 0.6101851851851852 0.0625 0.19444444444444445
0 0.82109375 0.7402777777777778 0.07760416666666667 0.16574074074074074
0 0.7213541666666666 0.8435185185185186 0.11354166666666667 0.12037037037037036
0 0.7005208333333334 0.7412037037037037 0.06145833333333333 0.24537037037037038
0 0.7455729166666667 0.624537037037037 0.14739583333333334 0.09907407407407408
0 0.7625 0.6962962962962963 0.04583333333333333 0.16666666666666666
