2 0.39036458333333335 -0.10648148148148148 0.09010416666666667 0.11296296296296296
2 0.6598958333333333 -0.0125 0.12083333333333333 0.11388888888888889
0 0.3411458333333333 0.08657407407407407 0.057291666666666664 0.18981481481481483
0 0.4244791666666667 0.04861111111111111 0.046875 0.20462962962962963
0 0.4708333333333333 -0.022685185185185187 0.12604166666666666 0.0824074074074074
0 0.47369791666666666 0.08657407407407407 0.0953125 0.08981481481481482
0 0.440625 0.35555555555555557 0.10520833333333333 0.15555555555555556
0 0.49296875 0.3402777777777778 0.05260416666666667 0.25833333333333336
0 0.5309895833333333 0.5726851851851852 0.06822916666666666 0.08796296296296297
0 0.5924479166666666 0.5888888888888889 0.10989583333333333 0.20185185185185187
0 0.6184895833333334 0.6601851851851852 0.0359375 0.046296296296296294
1 0.7078125 0.9356481481481481 0.1125 0.14166666666666666
1 0.6630208333333333 1.1134259259259258 0.103125 0.13240740740740742
1 0.2908854166666667 0.7310185185185185 0.09114583333333333 0.11574074074074074
1 0.43802083333333336 1.1546296296296297 0.109375 0.1111111111111111
0 0.36484375 1.0708333333333333 0.09322916666666667 0.13796296296296295
0 0.3067708333333333 0.8935185185185185 0.06770833333333333 0.20185185185185187
0 0.36432291666666666 0.8564814814814815 0.13802083333333334 0.10925925925925926
0 0.42994791666666665 0.9365740740740741 0.05572916666666667 0.262037037037037
0 0.38958333333333334 0.9666666666666667 0.09375 0.08148148148148149
