2 0.6091145833333333 1.1074074074074074 0.09010416666666667 0.11296296296296296
2 0.33958333333333335 1.013425925925926 0.12083333333333333 0.11388888888888889
0 0.6583333333333333 0.9143518518518519 0.057291666666666664 0.18981481481481483
0 0.575 0.9523148148148148 0.046875 0.20462962962962963
0 0.5286458333333334 1.023611111111111 0.12604166666666666 0.0824074074074074
0 0.52578125 0.9143518518518519 0.0953125 0.08981481481481482
0 0.5588541666666667 0.6453703703703704 0.10520833333333333 0.15555555555555556
0 0.5065104166666666 0.6606481481481481 0.05260416666666667 0.25833333333333336
0 0.46848958333333335 0.42824074074074076 0.06822916666666666 0.08796296296296297
0 0.40703125 0.41203703703703703 0.10989583333333333 0.20185185185185187
0 0.3809895833333333 0.34074074074074073 0.0359375 0.046296296296296294
1 0.2916666666666667 0.06527777777777778 0.1125 0.14166666666666666
1 0.33645833333333336 -0.1125 0.103125 0.13240740740740742
1 0.70859375 0.26990740740740743 0.09114583333333333 0.11574074074074074
1 0.5614583333333333 -0.1537037037037037 0.109375 0.1111111111111111
0 0.6346354166666667 -0.0699074074074074 0.09322916666666667 0.13796296296296295
0 0.6927083333333334 0.10740740740740741 0.06770833333333333 0.20185185185185187
0 0.63515625 0.14444444444444443 0.13802083333333334 0.10925925925925926
0 0.56953125 0.06435185185185185 0.05572916666666667 0.262037037037037
0 0.6098958333333333 0.03425925925925926 0.09375 0.08148148148148149
