0 0.2674479166666667 0.21712962962962962 0.10989583333333333 0.10462962962962963
2 0.15442708333333333 0.30185185185185187 0.06302083333333333 0.15
2 0.20651041666666667 0.7787037037037037 0.06510416666666667 0.2037037037037037
0 0.24036458333333333 0.3560185185185185 0.12239583333333333 0.08425925925925926
0 0.20598958333333334 0.4726851851851852 0.0390625 0.16944444444444445
0 0.26015625 0.45231481481481484 0.049479166666666664 0.1712962962962963
0 0.4161458333333333 0.38981481481481484 0.0875 0.18518518518518517
0 0.40703125 0.49166666666666664 0.14322916666666666 0.09444444444444444
0 0.5380208333333333 0.5532407407407407 0.04791666666666667 0.1287037037037037
0 0.5463541666666667 0.6648148148148149 0.11354166666666667 0.20185185185185187
0 0.5833333333333334 0.7097222222222223 0.028125 0.05462962962962963
0 0.84140625 0.7856481481481481 0.0734375 0.18611111111111112
1 0.7393229166666667 0.8685185185185185 0.07447916666666667 0.2111111111111111
1 0.8669270833333333 0.3824074074074074 0.0671875 0.2111111111111111
1 0.6307291666666667 0.13055555555555556 0.06145833333333333 0.1574074074074074
0 0.71953125 0.15092592592592594 0.1109375 0.1259259259259259
0 0.70078125 0.2537037037037037 0.0578125 0.25
0 0.7630208333333334 0.2986111111111111 0.04791666666666667 0.16203703703703703
0 0.7453125 0.36666666666666664 0.15104166666666666 0.10555555555555556
