0 0.2674479166666667 0.7837962962962963 0.10989583333333333 0.10462962962962963
2 0.15442708333333333 0.6990740740740741 0.06302083333333333 0.15
2 0.20651041666666667 0.2222222222222222 0.06510416666666667 0.2037037037037037
0 0.24036458333333333 0.6449074074074074 0.12239583333333333 0.08425925925925926
0 0.20598958333333334 0.5282407407407408 0.0390625 0.16944444444444445
0 0.26015625 0.5486111111111112 0.049479166666666664 0.1712962962962963
0 0.4161458333333333 0.6111111111111112 0.0875 0.18518518518518517
0 0.40703125 0.5092592592592593 0.14322916666666666 0.09444444444444444
0 0.5380208333333333 0.4476851851851852 0.04791666666666667 0.1287037037037037
0 0.5463541666666667 0.33611111111111114 0.11354166666666667 0.20185185185185187
0 0.5833333333333334 0.2912037037037037 0.028125 0.05462962962962963
0 0.84140625 0.2152777777777778 0.0734375 0.18611111111111112
1 0.7393229166666667 0.13240740740740742 0.07447916666666667 0.2111111111111111
1 0.8669270833333333 0.6185185185185185 0.0671875 0.2111111111111111
1 0.6307291666666667 0.8703703703703703 0.06145833333333333 0.1574074074074074
0 0.71953125 0.85 0.1109375 0.1259259259259259
0 0.70078125 0.7472222222222222 0.0578125 0.25
0 0.7630208333333334 0.7023148148148148 0.04791666666666667 0.16203703703703703
0 0.7453125 0.6342592592592593 0.15104166666666666 0.10555555555555556
