0 0.34036458333333336 0.9143518518518519 0.058854166666666666 0.19537037037037036
2 0.3880208333333333 1.1152777777777778 0.084375 0.11203703703703703
2 0.65625 1.0226851851851853 0.11458333333333333 0.11574074074074074
0 0.41848958333333336 0.9625 0.04739583333333333 0.2175925925925926
0 0.48411458333333335 1.023611111111111 0.0953125 0.06944444444444445
0 0.47265625 0.9273148148148148 0.09635416666666667 0.08796296296296297
0 0.4375 0.65 0.10416666666666667 0.15555555555555556
0 0.4947916666666667 0.6662037037037037 0.053125 0.25462962962962965
0 0.5294270833333333 0.43333333333333335 0.07239583333333334 0.08518518518518518
0 0.5921875 0.4185185185185185 0.11354166666666667 0.20185185185185187
0 0.6174479166666667 0.3527777777777778 0.030729166666666665 0.05
0 0.66015625 -0.10601851851851851 0.1046875 0.13055555555555556
1 0.7067708333333333 0.07546296296296297 0.11875 0.13240740740740742
1 0.43333333333333335 -0.15138888888888888 0.11875 0.11944444444444445
1 0.2916666666666667 0.26805555555555555 0.08854166666666667 0.11018518518518519
0 0.303125 0.11064814814814815 0.07083333333333333 0.19722222222222222
0 0.3609375 0.1439814814814815 0.140625 0.10277777777777777
0 0.38619791666666664 0.03333333333333333 0.09114583333333333 0.08518518518518518
0 0.4244791666666667 0.06481481481481481 0.059375 0.26851851851851855
