0 0.25442708333333336 0.7912037037037037 0.10989583333333333 0.10648148148148148
2 0.14375 0.7023148148148148 0.06041666666666667 0.16203703703703703
0 0.23020833333333332 0.6402777777777777 0.12395833333333334 0.08981481481481482
0 0.19296875 0.5611111111111111 0.050520833333333334 0.22777777777777777
0 0.25026041666666665 0.5537037037037037 0.04635416666666667 0.1814814814814815
2 0.19348958333333333 0.21712962962962962 0.06302083333333333 0.21388888888888888
0 0.40729166666666666 0.6134259259259259 0.0875 0.18796296296296297
0 0.39739583333333334 0.5162037037037037 0.15 0.09907407407407408
1 0.6395833333333333 0.24444444444444444 0.058333333333333334 0.05925925925925926
1 0.62421875 0.8763888888888889 0.0671875 0.15092592592592594
1 0.8677083333333333 0.6055555555555555 0.06875 0.17777777777777778
0 0.5325520833333334 0.4375 0.0515625 0.14537037037037037
0 0.54375 0.33240740740740743 0.115625 0.2037037037037037
0 0.84140625 0.2050925925925926 0.07447916666666667 0.18981481481481483
0 0.74609375 0.11435185185185186 0.0703125 0.21574074074074073
0 0.7140625 0.8569444444444444 0.109375 0.13055555555555556
0 0.6981770833333333 0.7523148148148148 0.06302083333333333 0.25462962962962965
0 0.75859375 0.7037037037037037 0.050520833333333334 0.1685185185185185
0 0.7380208333333333 0.6361111111111111 0.15520833333333334 0.10555555555555556
0 0.8143229166666667 0.7523148148148148 0.07239583333333334 0.16203703703703703
