0 0.33619791666666665 0.06342592592592593 0.059895833333333336 0.19537037037037036
2 0.38619791666666664 -0.13333333333333333 0.09114583333333333 0.10740740740740741
0 0.42109375 0.020370370370370372 0.050520833333333334 0.22037037037037038
0 0.465625 -0.04583333333333333 0.128125 0.08981481481481482
0 0.46979166666666666 0.056018518518518516 0.10208333333333333 0.0824074074074074
2 0.6591145833333333 -0.04490740740740741 0.1203125 0.11203703703703703
0 0.4361979166666667 0.3351851851851852 0.10572916666666667 0.15555555555555556
0 0.4908854166666667 0.3175925925925926 0.05572916666666667 0.26666666666666666
1 0.64375 0.7481481481481481 0.03333333333333333 0.1037037037037037
1 0.28828125 0.7208333333333333 0.08489583333333334 0.11944444444444445
1 0.440625 1.1537037037037037 0.1 0.12222222222222222
0 0.53515625 0.5578703703703703 0.08177083333333333 0.09166666666666666
0 0.5942708333333333 0.5777777777777777 0.11458333333333333 0.20555555555555555
0 0.6658854166666667 1.1069444444444445 0.10677083333333333 0.13240740740740742
0 0.7169270833333333 0.9375 0.12135416666666667 0.125
0 0.2989583333333333 0.8805555555555555 0.07395833333333333 0.19444444444444445
0 0.3580729166666667 0.8523148148148149 0.14322916666666666 0.11203703703703703
0 0.3854166666666667 0.9597222222222223 0.09479166666666666 0.08981481481481482
0 0.4234375 0.9231481481481482 0.059375 0.2759259259259259
0 0.3580729166666667 1.0587962962962962 0.09114583333333333 0.1287037037037037
