0 0.66328125 0.9375 0.059895833333333336 0.19537037037037036
2 0.61328125 1.1342592592592593 0.09114583333333333 0.10740740740740741
0 0.5783854166666667 0.9805555555555555 0.050520833333333334 0.22037037037037038
0 0.5338541666666666 1.0467592592592592 0.128125 0.08981481481481482
0 0.5296875 0.9449074074074074 0.10208333333333333 0.0824074074074074
2 0.34036458333333336 1.0458333333333334 0.1203125 0.11203703703703703
0 0.56328125 0.6657407407407407 0.10572916666666667 0.15555555555555556
0 0.50859375 0.6833333333333333 0.05572916666666667 0.26666666666666666
1 0.35572916666666665 0.25277777777777777 0.03333333333333333 0.1037037037037037
1 0.7111979166666667 0.2800925925925926 0.08489583333333334 0.11944444444444445
1 0.5588541666666667 -0.1527777777777778 0.1 0.12222222222222222
0 0.46432291666666664 0.44305555555555554 0.08177083333333333 0.09166666666666666
0 0.40520833333333334 0.42314814814814816 0.11458333333333333 0.20555555555555555
0 0.33359375 -0.10601851851851851 0.10677083333333333 0.13240740740740742
0 0.2825520833333333 0.06342592592592593 0.12135416666666667 0.125
0 0.7002604166666667 0.12037037037037036 0.0734375 0.19444444444444445
0 0.64140625 0.1486111111111111 0.14322916666666666 0.11203703703703703
0 0.6140625 0.0412037037037037 0.09479166666666666 0.08981481481481482
0 0.5760416666666667 0.07777777777777778 0.059375 0.2759259259259259
0 0.64140625 -0.05787037037037037 0.09114583333333333 0.1287037037037037
