0 0.74609375 0.20972222222222223 0.10989583333333333 0.10648148148148148
2 0.8567708333333334 0.2986111111111111 0.06041666666666667 0.16203703703703703
0 0.7703125 0.36064814814814816 0.12395833333333334 0.08981481481481482
0 0.8075520833333333 0.4398148148148148 0.050520833333333334 0.22777777777777777
0 0.7502604166666667 0.44722222222222224 0.04635416666666667 0.1814814814814815
2 0.80703125 0.7837962962962963 0.06302083333333333 0.21388888888888888
0 0.5932291666666667 0.3875 0.0875 0.18796296296296297
0 0.603125 0.4847222222222222 0.15 0.09907407407407408
1 0.3609375 0.7564814814814815 0.058333333333333334 0.05925925925925926
1 0.3763020833333333 0.12453703703703704 0.0671875 0.15092592592592594
1 0.1328125 0.39537037037037037 0.06875 0.17777777777777778
0 0.46796875 0.5634259259259259 0.0515625 0.14537037037037037
0 0.45677083333333335 0.6685185185185185 0.115625 0.2037037037037037
0 0.15911458333333334 0.7958333333333333 0.07447916666666667 0.18981481481481483
0 0.25442708333333336 0.8865740740740741 0.0703125 0.21574074074074073
0 0.2864583333333333 0.1439814814814815 0.109375 0.13055555555555556
0 0.30234375 0.24861111111111112 0.06302083333333333 0.25462962962962965
0 0.24192708333333332 0.2972222222222222 0.050520833333333334 0.1685185185185185
0 0.2625 0.3648148148148148 0.15520833333333334 0.10555555555555556
0 0.18619791666666666 0.24861111111111112 0.07239583333333334 0.16203703703703703
