0 0.25442708333333336 0.8087962962962963 0.11510416666666666 0.11203703703703703
2 0.13984375 0.7152777777777778 0.0640625 0.16574074074074074
0 0.23255208333333333 0.6518518518518519 0.12135416666666667 0.09444444444444444
0 0.19036458333333334 0.5703703703703704 0.0484375 0.2351851851851852
0 0.2513020833333333 0.5592592592592592 0.0484375 0.18518518518518517
2 0.19661458333333334 0.2175925925925926 0.06510416666666667 0.21851851851851853
0 0.4127604166666667 0.6217592592592592 0.08802083333333334 0.18981481481481483
0 0.40338541666666666 0.5273148148148148 0.14739583333333334 0.09722222222222222
0 0.5432291666666667 0.4527777777777778 0.046875 0.13148148148148148
0 0.5513020833333333 0.3402777777777778 0.11822916666666666 0.21203703703703702
1 0.6473958333333333 0.23981481481481481 0.07291666666666667 0.08333333333333333
0 0.7622395833333333 0.12222222222222222 0.07135416666666666 0.23148148148148148
0 0.85703125 0.21481481481481482 0.07552083333333333 0.1925925925925926
1 0.6283854166666667 0.8898148148148148 0.0734375 0.15
1 0.8807291666666667 0.6337962962962963 0.06875 0.22870370370370371
0 0.709375 0.7657407407407407 0.06666666666666667 0.25925925925925924
0 0.7252604166666666 0.874537037037037 0.1171875 0.1361111111111111
0 0.7736979166666667 0.7217592592592592 0.04635416666666667 0.16574074074074074
0 0.7518229166666667 0.649074074074074 0.15572916666666667 0.10925925925925926
0 0.8299479166666667 0.7643518518518518 0.07864583333333333 0.1787037037037037
