0 0.25442708333333336 0.19212962962962962 0.11510416666666666 0.11203703703703703
2 0.13984375 0.28564814814814815 0.0640625 0.16574074074074074
0 0.23255208333333333 0.3490740740740741 0.12135416666666667 0.09444444444444444
0 0.19036458333333334 0.4305555555555556 0.0484375 0.2351851851851852
0 0.2513020833333333 0.44166666666666665 0.0484375 0.18518518518518517
2 0.19661458333333334 0.7833333333333333 0.06510416666666667 0.21851851851851853
0 0.4127604166666667 0.37916666666666665 0.08802083333333334 0.18981481481481483
0 0.40338541666666666 0.4736111111111111 0.14739583333333334 0.09722222222222222
0 0.5432291666666667 0.5481481481481482 0.046875 0.13148148148148148
0 0.5513020833333333 0.6606481481481481 0.11822916666666666 0.21203703703703702
1 0.6473958333333333 0.7611111111111111 0.07291666666666667 0.08333333333333333
0 0.7622395833333333 0.8787037037037037 0.07135416666666666 0.23148148148148148
0 0.85703125 0.7861111111111111 0.07552083333333333 0.1925925925925926
1 0.6283854166666667 0.1111111111111111 0.0734375 0.15
1 0.8807291666666667 0.36712962962962964 0.06875 0.22870370370370371
0 0.709375 0.2351851851851852 0.06666666666666667 0.25925925925925924
0 0.7252604166666666 0.12638888888888888 0.1171875 0.1361111111111111
0 0.7736979166666667 0.2791666666666667 0.04635416666666667 0.16574074074074074
0 0.7518229166666667 0.35185185185185186 0.15572916666666667 0.10925925925925926
0 0.8299479166666667 0.23657407407407408 0.07864583333333333 0.1787037037037037
