0 0.3263020833333333 0.9375 0.06302083333333333 0.20462962962962963
2 0.37890625 1.1412037037037037 0.09322916666666667 0.11388888888888889
0 0.41458333333333336 0.9763888888888889 0.053125 0.21574074074074073
0 0.46041666666666664 1.051388888888889 0.13229166666666667 0.08611111111111111
0 0.4666666666666667 0.9430555555555555 0.10416666666666667 0.08611111111111111
2 0.6588541666666666 1.0402777777777779 0.12291666666666666 0.11574074074074074
0 0.4315104166666667 0.6560185185185186 0.10677083333333333 0.15648148148148147
0 0.48463541666666665 0.6726851851851852 0.0546875 0.262037037037037
0 0.5265625 0.42407407407407405 0.07395833333333333 0.08333333333333333
0 0.58984375 0.4097222222222222 0.11927083333333334 0.2101851851851852
1 0.6463541666666667 0.2388888888888889 0.046875 0.12962962962962962
0 0.7125 0.034722222222222224 0.13020833333333334 0.12685185185185185
0 0.6604166666666667 -0.1337962962962963 0.10833333333333334 0.13425925925925927
1 0.28072916666666664 0.2722222222222222 0.084375 0.13148148148148148
1 0.42473958333333334 -0.17592592592592593 0.12864583333333332 0.12222222222222222
0 0.35052083333333334 0.1287037037037037 0.14583333333333334 0.11851851851851852
0 0.28932291666666665 0.10046296296296296 0.0765625 0.20833333333333334
0 0.37526041666666665 0.014351851851851852 0.09322916666666667 0.0824074074074074
0 0.4161458333333333 0.05324074074074074 0.06145833333333333 0.27685185185185185
0 0.35130208333333335 -0.08564814814814815 0.10052083333333334 0.1398148148148148
