0 0.74609375 0.19212962962962962 0.11510416666666666 0.11203703703703703
2 0.8606770833333334 0.28564814814814815 0.0640625 0.16574074074074074
0 0.76796875 0.3490740740740741 0.12135416666666667 0.09444444444444444
0 0.81015625 0.4305555555555556 0.0484375 0.2351851851851852
0 0.74921875 0.44166666666666665 0.0484375 0.18518518518518517
2 0.80390625 0.7833333333333333 0.06510416666666667 0.21851851851851853
0 0.5877604166666667 0.37916666666666665 0.08802083333333334 0.18981481481481483
0 0.5971354166666667 0.4736111111111111 0.14739583333333334 0.09722222222222222
0 0.45729166666666665 0.5481481481481482 0.046875 0.13148148148148148
0 0.44921875 0.6606481481481481 0.11822916666666666 0.21203703703703702
1 0.353125 0.7611111111111111 0.07291666666666667 0.08333333333333333
0 0.23828125 0.8787037037037037 0.07135416666666666 0.23148148148148148
0 0.14348958333333334 0.7861111111111111 0.07552083333333333 0.1925925925925926
1 0.37213541666666666 0.1111111111111111 0.0734375 0.15
1 0.11979166666666667 0.36712962962962964 0.06875 0.22870370370370371
0 0.2911458333333333 0.2351851851851852 0.06666666666666667 0.25925925925925924
0 0.2752604166666667 0.12638888888888888 0.1171875 0.1361111111111111
0 0.22682291666666668 0.2791666666666667 0.04635416666666667 0.16574074074074074
0 0.24869791666666666 0.35185185185185186 0.15572916666666667 0.10925925925925926
0 0.17057291666666666 0.23657407407407408 0.07864583333333333 0.1787037037037037
