0 0.246875 0.8097222222222222 0.109375 0.10648148148148148
2 0.13333333333333333 0.7208333333333333 0.06458333333333334 0.16574074074074074
2 0.19192708333333333 0.2300925925925926 0.0609375 0.2212962962962963
0 0.225 0.6583333333333333 0.12395833333333334 0.09814814814814815
0 0.18723958333333332 0.5800925925925926 0.05364583333333333 0.22870370370370371
0 0.24375 0.5689814814814815 0.05 0.18055555555555555
0 0.40234375 0.6333333333333333 0.08489583333333334 0.18703703703703703
0 0.39739583333333334 0.5337962962962963 0.15 0.09537037037037037
0 0.5348958333333333 0.4615740740740741 0.052083333333333336 0.1287037037037037
0 0.5408854166666667 0.3476851851851852 0.1109375 0.20462962962962963
1 0.6411458333333333 0.24953703703703703 0.07708333333333334 0.07685185185185185
1 0.75078125 0.14166666666666666 0.06197916666666667 0.21851851851851853
0 0.84296875 0.22824074074074074 0.07135416666666666 0.18981481481481483
1 0.62265625 0.8925925925925926 0.0546875 0.14444444444444443
1 0.8658854166666666 0.6217592592592592 0.0703125 0.15833333333333333
0 0.7143229166666667 0.8800925925925925 0.10989583333333333 0.13055555555555556
0 0.6947916666666667 0.774074074074074 0.06875 0.25925925925925924
0 0.7424479166666667 0.6537037037037037 0.1484375 0.10925925925925926
0 0.7598958333333333 0.7263888888888889 0.04791666666666667 0.175
0 0.8216145833333334 0.7773148148148148 0.08697916666666666 0.1712962962962963
