0 0.32578125 0.05 0.059895833333333336 0.19444444444444445
2 0.37578125 -0.15185185185185185 0.09322916666666667 0.11481481481481481
2 0.6518229166666667 -0.047685185185185185 0.12447916666666667 0.10833333333333334
0 0.4109375 0.011111111111111112 0.05520833333333333 0.22037037037037038
0 0.4549479166666667 -0.056018518518518516 0.12864583333333332 0.09537037037037037
0 0.46119791666666665 0.044444444444444446 0.1015625 0.08888888888888889
0 0.425 0.3263888888888889 0.10520833333333333 0.15092592592592594
0 0.48098958333333336 0.3175925925925926 0.05364583333333333 0.26666666666666666
0 0.5216145833333333 0.562037037037037 0.07239583333333334 0.09259259259259259
0 0.5856770833333333 0.5726851851851852 0.11510416666666666 0.19722222222222222
1 0.6408854166666667 0.7509259259259259 0.043229166666666666 0.13703703703703704
1 0.7015625 0.9458333333333333 0.12291666666666666 0.11018518518518519
0 0.6528645833333333 1.1097222222222223 0.10677083333333333 0.12685185185185185
1 0.2791666666666667 0.7180555555555556 0.08125 0.09722222222222222
1 0.4315104166666667 1.150462962962963 0.0890625 0.125
0 0.2859375 0.8810185185185185 0.07395833333333333 0.19537037037037036
0 0.3458333333333333 0.8462962962962963 0.14583333333333334 0.12222222222222222
0 0.41354166666666664 0.9310185185185185 0.06145833333333333 0.2638888888888889
0 0.37265625 0.962037037037037 0.0984375 0.08518518518518518
0 0.34401041666666665 1.0717592592592593 0.09635416666666667 0.15462962962962962
