0 0.6736979166666667 0.950925925925926 0.059895833333333336 0.19444444444444445
2 0.6236979166666666 1.1527777777777777 0.09322916666666667 0.11481481481481481
2 0.34765625 1.0486111111111112 0.12447916666666667 0.10833333333333334
0 0.5885416666666666 0.9898148148148148 0.05520833333333333 0.22037037037037038
0 0.54453125 1.0569444444444445 0.12864583333333332 0.09537037037037037
0 0.53828125 0.9564814814814815 0.1015625 0.08888888888888889
0 0.5744791666666667 0.674537037037037 0.10520833333333333 0.15092592592592594
0 0.5184895833333333 0.6833333333333333 0.05364583333333333 0.26666666666666666
0 0.4778645833333333 0.4388888888888889 0.07239583333333334 0.09259259259259259
0 0.41380208333333335 0.42824074074074076 0.11510416666666666 0.19722222222222222
1 0.35859375 0.25 0.043229166666666666 0.13703703703703704
1 0.29791666666666666 0.055092592592592596 0.12291666666666666 0.11018518518518519
0 0.34661458333333334 -0.1087962962962963 0.10677083333333333 0.12685185185185185
1 0.7203125 0.2828703703703704 0.08125 0.09722222222222222
1 0.56796875 -0.14953703703703702 0.0890625 0.125
0 0.71328125 0.11990740740740741 0.0734375 0.19537037037037036
0 0.6536458333333334 0.15462962962962962 0.14583333333333334 0.12222222222222222
0 0.5859375 0.0699074074074074 0.06145833333333333 0.2638888888888889
0 0.6268229166666667 0.03888888888888889 0.0984375 0.08518518518518518
0 0.65546875 -0.07083333333333333 0.09635416666666667 0.15462962962962962
