0 0.7536458333333333 0.1912037037037037 0.109375 0.10648148148148148
2 0.8671875 0.2800925925925926 0.06458333333333334 0.16574074074074074
2 0.80859375 0.7708333333333334 0.0609375 0.2212962962962963
0 0.7755208333333333 0.3425925925925926 0.12395833333333334 0.09814814814814815
0 0.81328125 0.42083333333333334 0.05364583333333333 0.22870370370370371
0 0.7567708333333333 0.43194444444444446 0.05 0.18055555555555555
0 0.5981770833333333 0.3675925925925926 0.08489583333333334 0.18703703703703703
0 0.603125 0.4671296296296296 0.15 0.09537037037037037
0 0.465625 0.5393518518518519 0.052083333333333336 0.1287037037037037
0 0.4596354166666667 0.6532407407407408 0.1109375 0.20462962962962963
1 0.359375 0.7513888888888889 0.07708333333333334 0.07685185185185185
1 0.24973958333333332 0.8592592592592593 0.06197916666666667 0.21851851851851853
0 0.15755208333333334 0.7726851851851851 0.07135416666666666 0.18981481481481483
1 0.37786458333333334 0.10833333333333334 0.0546875 0.14444444444444443
1 0.13463541666666667 0.37916666666666665 0.0703125 0.15833333333333333
0 0.28619791666666666 0.12083333333333333 0.10989583333333333 0.13055555555555556
0 0.30572916666666666 0.22685185185185186 0.06875 0.25925925925925924
0 0.25807291666666665 0.3472222222222222 0.1484375 0.10925925925925926
0 0.240625 0.274537037037037 0.04791666666666667 0.175
0 0.17890625 0.22361111111111112 0.08697916666666666 0.1712962962962963
