1 0.3575520833333333 0.10462962962962963 0.06197916666666667 0.14074074074074075
1 0.11666666666666667 0.3680555555555556 0.07083333333333333 0.18796296296296297
1 0.23307291666666666 0.8685185185185185 0.06510416666666667 0.1962962962962963
1 0.3372395833333333 0.7560185185185185 0.06302083333333333 0.075
2 0.7973958333333333 0.7805555555555556 0.0625 0.22037037037037038
2 0.8572916666666667 0.2796296296296296 0.06458333333333334 0.1574074074074074
0 0.7419270833333333 0.1912037037037037 0.11302083333333333 0.10648148148148148
0 0.7666666666666667 0.3416666666666667 0.121875 0.0962962962962963
0 0.80546875 0.42824074074074076 0.049479166666666664 0.2324074074074074
0 0.7455729166666667 0.4310185185185185 0.050520833333333334 0.175
0 0.5877604166666667 0.3680555555555556 0.0796875 0.18796296296296297
0 0.5940104166666667 0.47314814814814815 0.15052083333333333 0.10925925925925926
0 0.4552083333333333 0.5328703703703703 0.04791666666666667 0.12314814814814815
0 0.4432291666666667 0.6532407407407408 0.12083333333333333 0.2101851851851852
0 0.13828125 0.7768518518518519 0.0703125 0.19814814814814816
0 0.2716145833333333 0.11574074074074074 0.11822916666666666 0.12962962962962962
0 0.28984375 0.22407407407407406 0.0703125 0.25925925925925924
0 0.22317708333333333 0.27037037037037037 0.04739583333333333 0.17777777777777778
0 0.16796875 0.2263888888888889 0.08177083333333333 0.1787037037037037
0 0.24244791666666668 0.3435185185185185 0.1546875 0.11296296296296296
