1 0.64296875 0.10462962962962963 0.06197916666666667 0.14074074074074075
1 0.8838541666666667 0.3680555555555556 0.07083333333333333 0.18796296296296297
1 0.7674479166666667 0.8685185185185185 0.06510416666666667 0.1962962962962963
1 0.66328125 0.7560185185185185 0.06302083333333333 0.075
2 0.203125 0.7805555555555556 0.0625 0.22037037037037038
2 0.14322916666666666 0.2796296296296296 0.06458333333333334 0.1574074074074074
0 0.25859375 0.1912037037037037 0.11302083333333333 0.10648148148148148
0 0.23385416666666667 0.3416666666666667 0.121875 0.0962962962962963
0 0.19505208333333332 0.42824074074074076 0.049479166666666664 0.2324074074074074
0 0.25494791666666666 0.4310185185185185 0.050520833333333334 0.175
0 0.4127604166666667 0.3680555555555556 0.0796875 0.18796296296296297
0 0.40651041666666665 0.47314814814814815 0.15052083333333333 0.10925925925925926
0 0.5453125 0.5328703703703703 0.04791666666666667 0.12314814814814815
0 0.5572916666666666 0.6532407407407408 0.12083333333333333 0.2101851851851852
0 0.8622395833333333 0.7768518518518519 0.0703125 0.19814814814814816
0 0.72890625 0.11574074074074074 0.11822916666666666 0.12962962962962962
0 0.7106770833333333 0.22407407407407406 0.0703125 0.25925925925925924
0 0.77734375 0.27037037037037037 0.04739583333333333 0.17777777777777778
0 0.8325520833333333 0.2263888888888889 0.08177083333333333 0.1787037037037037
0 0.7580729166666667 0.3435185185185185 0.1546875 0.11296296296296296
