1 0.27708333333333335 0.7541666666666667 0.07916666666666666 0.11018518518518519
1 0.42526041666666664 1.1824074074074074 0.10572916666666667 0.1259259259259259
1 0.7067708333333333 0.975462962962963 0.11041666666666666 0.11574074074074074
1 0.6434895833333333 0.7902777777777777 0.0421875 0.11203703703703703
2 0.6572916666666667 -0.027777777777777776 0.12395833333333334 0.1111111111111111
2 0.37552083333333336 -0.13425925925925927 0.08854166666666667 0.11481481481481481
0 0.32578125 0.07083333333333333 0.059895833333333336 0.20092592592592592
0 0.41041666666666665 0.026851851851851852 0.05416666666666667 0.21666666666666667
0 0.4591145833333333 -0.04212962962962963 0.13072916666666667 0.08796296296296297
0 0.46067708333333335 0.06435185185185185 0.0984375 0.08981481481481482
0 0.42526041666666664 0.3449074074074074 0.10572916666666667 0.14166666666666666
0 0.484375 0.3337962962962963 0.06145833333333333 0.2675925925925926
0 0.51796875 0.5805555555555556 0.06927083333333334 0.08518518518518518
0 0.5856770833333333 0.6018518518518519 0.11822916666666666 0.21481481481481482
0 0.6552083333333333 1.1439814814814815 0.11145833333333334 0.125
0 0.2830729166666667 0.9069444444444444 0.0734375 0.2101851851851852
0 0.34427083333333336 0.874537037037037 0.14583333333333334 0.125
0 0.3703125 0.9930555555555556 0.1 0.08425925925925926
0 0.3455729166666667 1.0912037037037037 0.10052083333333334 0.14537037037037037
0 0.4114583333333333 0.9587962962962963 0.06354166666666666 0.275
