1 0.27708333333333335 0.2462962962962963 0.07916666666666666 0.1111111111111111
1 0.42526041666666664 -0.1814814814814815 0.10572916666666667 0.1259259259259259
1 0.7067708333333333 0.02546296296296296 0.11041666666666666 0.11574074074074074
1 0.6434895833333333 0.21064814814814814 0.0421875 0.11203703703703703
2 0.6572916666666667 1.0287037037037037 0.12395833333333334 0.1111111111111111
2 0.37552083333333336 1.135185185185185 0.08854166666666667 0.11481481481481481
0 0.32578125 0.9300925925925926 0.059895833333333336 0.20092592592592592
0 0.41041666666666665 0.9740740740740741 0.05416666666666667 0.21666666666666667
0 0.4591145833333333 1.0430555555555556 0.13072916666666667 0.08796296296296297
0 0.46067708333333335 0.9365740740740741 0.0984375 0.08981481481481482
0 0.42526041666666664 0.6560185185185186 0.10572916666666667 0.14166666666666666
0 0.484375 0.6671296296296296 0.06145833333333333 0.2675925925925926
0 0.51796875 0.4203703703703704 0.06927083333333334 0.08518518518518518
0 0.5856770833333333 0.3990740740740741 0.11822916666666666 0.21481481481481482
0 0.6552083333333333 -0.14305555555555555 0.11145833333333334 0.125
0 0.2833333333333333 0.09398148148148149 0.07291666666666667 0.2101851851851852
0 0.34427083333333336 0.12638888888888888 0.14583333333333334 0.125
0 0.3703125 0.00787037037037037 0.1 0.08425925925925926
0 0.3455729166666667 -0.09027777777777778 0.10052083333333334 0.14537037037037037
0 0.4114583333333333 0.04212962962962963 0.06354166666666666 0.275
