1 0.64296875 0.8962962962962963 0.06197916666666667 0.14074074074074075
1 0.8838541666666667 0.6328703703703704 0.07083333333333333 0.18796296296296297
1 0.7674479166666667 0.13240740740740742 0.06510416666666667 0.1962962962962963
1 0.66328125 0.2449074074074074 0.06302083333333333 0.075
2 0.203125 0.22037037037037038 0.0625 0.22037037037037038
2 0.14322916666666666 0.7212962962962963 0.06458333333333334 0.1574074074074074
0 0.25859375 0.8097222222222222 0.11302083333333333 0.10648148148148148
0 0.23385416666666667 0.6592592592592592 0.121875 0.0962962962962963
0 0.19505208333333332 0.5726851851851852 0.049479166666666664 0.2324074074074074
0 0.25494791666666666 0.5699074074074074 0.050520833333333334 0.175
0 0.4127604166666667 0.6328703703703704 0.0796875 0.18796296296296297
0 0.40651041666666665 0.5277777777777778 0.15052083333333333 0.10925925925925926
0 0.5453125 0.46805555555555556 0.04791666666666667 0.12314814814814815
0 0.5572916666666666 0.3476851851851852 0.12083333333333333 0.2101851851851852
0 0.8622395833333333 0.22407407407407406 0.0703125 0.19814814814814816
0 0.72890625 0.8851851851851852 0.11822916666666666 0.12962962962962962
0 0.7106770833333333 0.7768518518518519 0.0703125 0.25925925925925924
0 0.77734375 0.7305555555555555 0.04739583333333333 0.17777777777777778
0 0.8325520833333333 0.774537037037037 0.08177083333333333 0.1787037037037037
0 0.7580729166666667 0.6574074074074074 0.1546875 0.11296296296296296
