0 0.6768229166666667 0.925 0.05677083333333333 0.19814814814814816
2 0.6252604166666667 1.1300925925925926 0.09114583333333333 0.11203703703703703
0 0.5895833333333333 0.9685185185185186 0.053125 0.21666666666666667
0 0.54375 1.0407407407407407 0.13125 0.08888888888888889
0 0.5401041666666667 0.9305555555555556 0.103125 0.09444444444444444
2 0.3463541666666667 1.0287037037037037 0.12083333333333333 0.10555555555555556
0 0.5768229166666666 0.6486111111111111 0.10260416666666666 0.15092592592592594
0 0.5203125 0.6592592592592592 0.05416666666666667 0.2740740740740741
0 0.48463541666666665 0.41203703703703703 0.07135416666666666 0.08333333333333333
0 0.4158854166666667 0.4 0.11510416666666666 0.22592592592592592
1 0.3575520833333333 0.18703703703703703 0.03697916666666667 0.06296296296296296
1 0.296875 0.024537037037037038 0.12291666666666666 0.10277777777777777
0 0.346875 -0.15 0.11145833333333334 0.12962962962962962
1 0.72734375 0.26342592592592595 0.0796875 0.1361111111111111
0 0.7208333333333333 0.08148148148148149 0.075 0.22037037037037038
0 0.65859375 0.12083333333333333 0.14322916666666666 0.11574074074074074
1 0.58203125 -0.19537037037037036 0.11614583333333334 0.13333333333333333
0 0.634375 0.001388888888888889 0.09479166666666666 0.08425925925925926
0 0.6609375 -0.09814814814814815 0.103125 0.1425925925925926
0 0.5911458333333334 0.03287037037037037 0.06458333333333334 0.28425925925925927
