0 0.26145833333333335 0.18564814814814815 0.11145833333333334 0.10092592592592593
2 0.14609375 0.2773148148148148 0.06302083333333333 0.16203703703703703
0 0.23697916666666666 0.34074074074074073 0.121875 0.09444444444444444
0 0.19635416666666666 0.4222222222222222 0.05 0.23333333333333334
0 0.25833333333333336 0.4287037037037037 0.053125 0.18333333333333332
2 0.203125 0.7731481481481481 0.059375 0.21481481481481482
0 0.41692708333333334 0.36342592592592593 0.08489583333333334 0.1824074074074074
0 0.4109375 0.4638888888888889 0.15416666666666667 0.0962962962962963
0 0.55 0.5273148148148148 0.046875 0.12685185185185185
0 0.5567708333333333 0.649537037037037 0.12708333333333333 0.20462962962962963
1 0.6765625 0.7532407407407408 0.035416666666666666 0.06574074074074074
1 0.76796875 0.8611111111111112 0.0578125 0.21851851851851853
0 0.8661458333333333 0.7722222222222223 0.07291666666666667 0.19814814814814816
1 0.63359375 0.09583333333333334 0.0765625 0.14166666666666666
0 0.7359375 0.10740740740740741 0.12395833333333334 0.13333333333333333
0 0.7138020833333333 0.21805555555555556 0.06510416666666667 0.25462962962962965
1 0.8916666666666667 0.3541666666666667 0.075 0.2064814814814815
0 0.7809895833333333 0.2611111111111111 0.04739583333333333 0.1685185185185185
0 0.8369791666666667 0.21388888888888888 0.08020833333333334 0.18333333333333332
0 0.76328125 0.33796296296296297 0.15989583333333332 0.11481481481481481
