0 0.32265625 0.07592592592592592 0.05677083333333333 0.19814814814814816
2 0.37421875 -0.12916666666666668 0.09114583333333333 0.11203703703703703
0 0.40989583333333335 0.032407407407407406 0.053125 0.21666666666666667
0 0.4557291666666667 -0.03981481481481482 0.13125 0.08888888888888889
0 0.459375 0.07037037037037037 0.103125 0.09444444444444444
2 0.653125 -0.027777777777777776 0.12083333333333333 0.10555555555555556
0 0.42265625 0.3523148148148148 0.10260416666666666 0.15092592592592594
0 0.4791666666666667 0.3416666666666667 0.05416666666666667 0.2740740740740741
0 0.51484375 0.5888888888888889 0.07135416666666666 0.08333333333333333
0 0.58359375 0.600925925925926 0.11510416666666666 0.22592592592592592
1 0.6419270833333334 0.8138888888888889 0.03697916666666667 0.06296296296296296
1 0.7026041666666667 0.9763888888888889 0.12291666666666666 0.10277777777777777
0 0.6526041666666667 1.150925925925926 0.11145833333333334 0.12962962962962962
1 0.2721354166666667 0.7375 0.0796875 0.1361111111111111
0 0.27838541666666666 0.9194444444444444 0.07552083333333333 0.22037037037037038
0 0.34088541666666666 0.8800925925925925 0.14322916666666666 0.11574074074074074
1 0.41744791666666664 1.1962962962962962 0.11614583333333334 0.13333333333333333
0 0.3651041666666667 0.999537037037037 0.09479166666666666 0.08425925925925926
0 0.3385416666666667 1.099074074074074 0.103125 0.1425925925925926
0 0.4083333333333333 0.9680555555555556 0.06458333333333334 0.28425925925925927
