0 0.26145833333333335 0.8152777777777778 0.11145833333333334 0.10092592592592593
2 0.14609375 0.7236111111111111 0.06302083333333333 0.16203703703703703
0 0.23697916666666666 0.6601851851851852 0.121875 0.09444444444444444
0 0.19635416666666666 0.5787037037037037 0.05 0.23333333333333334
0 0.25833333333333336 0.5722222222222222 0.053125 0.18333333333333332
2 0.203125 0.22777777777777777 0.059375 0.21481481481481482
0 0.41692708333333334 0.6375 0.08489583333333334 0.1824074074074074
0 0.4109375 0.5370370370370371 0.15416666666666667 0.0962962962962963
0 0.55 0.4736111111111111 0.046875 0.12685185185185185
0 0.5567708333333333 0.35138888888888886 0.12708333333333333 0.20462962962962963
1 0.6765625 0.24768518518518517 0.035416666666666666 0.06574074074074074
1 0.76796875 0.1398148148148148 0.0578125 0.21851851851851853
0 0.8661458333333333 0.22870370370370371 0.07291666666666667 0.19814814814814816
1 0.63359375 0.9050925925925926 0.0765625 0.14166666666666666
0 0.7359375 0.8935185185185185 0.12395833333333334 0.13333333333333333
0 0.7138020833333333 0.7828703703703703 0.06510416666666667 0.25462962962962965
1 0.8916666666666667 0.6467592592592593 0.075 0.2064814814814815
0 0.7809895833333333 0.7398148148148148 0.04739583333333333 0.1685185185185185
0 0.8369791666666667 0.7870370370370371 0.08020833333333334 0.18333333333333332
0 0.76328125 0.662962962962963 0.15989583333333332 0.11481481481481481
