0 0.265625 0.18055555555555555 0.1125 0.1
2 0.15286458333333333 0.274537037037037 0.0640625 0.15462962962962962
2 0.21276041666666667 0.7712962962962963 0.0703125 0.21481481481481482
0 0.240625 0.33611111111111114 0.12604166666666666 0.08703703703703704
0 0.2638020833333333 0.4287037037037037 0.0578125 0.17962962962962964
0 0.20026041666666666 0.42314814814814816 0.050520833333333334 0.23148148148148148
0 0.42109375 0.3638888888888889 0.0890625 0.2
0 0.41432291666666665 0.4634259259259259 0.1546875 0.10277777777777777
0 0.5546875 0.5263888888888889 0.04375 0.11574074074074074
0 0.5651041666666666 0.649074074074074 0.11458333333333333 0.20925925925925926
1 0.6846354166666667 0.7611111111111111 0.04114583333333333 0.08148148148148149
0 0.8736979166666666 0.7699074074074074 0.0734375 0.19537037037037036
1 0.7768229166666667 0.8587962962962963 0.06510416666666667 0.2101851851851852
1 0.6372395833333333 0.08888888888888889 0.0796875 0.15555555555555556
0 0.7390625 0.10092592592592593 0.11875 0.13148148148148148
1 0.8997395833333334 0.3453703703703704 0.07239583333333334 0.20185185185185187
0 0.84375 0.2152777777777778 0.08020833333333334 0.17314814814814813
0 0.7182291666666667 0.2111111111111111 0.06875 0.2574074074074074
0 0.7658854166666667 0.33425925925925926 0.15885416666666666 0.1037037037037037
0 0.7880208333333333 0.25925925925925924 0.04583333333333333 0.1685185185185185
