0 0.31979166666666664 0.08333333333333333 0.05625 0.2
2 0.37265625 -0.11712962962962963 0.08697916666666666 0.11388888888888889
2 0.6520833333333333 -0.010648148148148148 0.12083333333333333 0.125
0 0.40729166666666666 0.03888888888888889 0.04895833333333333 0.22407407407407406
0 0.459375 0.08009259259259259 0.10104166666666667 0.10277777777777777
0 0.45625 -0.03287037037037037 0.13020833333333334 0.08981481481481482
0 0.42291666666666666 0.3597222222222222 0.1125 0.15833333333333333
0 0.47890625 0.3476851851851852 0.0578125 0.275
0 0.5143229166666666 0.5972222222222222 0.06510416666666667 0.07777777777777778
0 0.5833333333333334 0.6157407407407407 0.11770833333333333 0.2037037037037037
1 0.6463541666666667 0.8282407407407407 0.04583333333333333 0.07314814814814814
0 0.6513020833333333 1.1643518518518519 0.10989583333333333 0.13055555555555556
1 0.7013020833333333 0.9921296296296296 0.11822916666666666 0.11574074074074074
1 0.2682291666666667 0.7439814814814815 0.0875 0.14166666666666666
0 0.2747395833333333 0.925 0.07447916666666667 0.2111111111111111
1 0.4125 1.2106481481481481 0.11354166666666667 0.1287037037037037
0 0.33932291666666664 1.1111111111111112 0.09739583333333333 0.1425925925925926
0 0.33671875 0.887962962962963 0.1453125 0.12222222222222222
0 0.40625 0.9726851851851852 0.058333333333333334 0.2824074074074074
0 0.3640625 1.012037037037037 0.09479166666666666 0.08148148148148149
