0 0.6796875 0.9175925925925926 0.05625 0.2
2 0.6268229166666667 1.1180555555555556 0.08697916666666666 0.11388888888888889
2 0.34739583333333335 1.0115740740740742 0.12083333333333333 0.125
0 0.5921875 0.962037037037037 0.04895833333333333 0.22407407407407406
0 0.5401041666666667 0.9208333333333333 0.10104166666666667 0.10277777777777777
0 0.5432291666666667 1.0337962962962963 0.13020833333333334 0.08981481481481482
0 0.5765625 0.6412037037037037 0.1125 0.15833333333333333
0 0.5205729166666667 0.6532407407407408 0.0578125 0.275
0 0.48515625 0.40370370370370373 0.06510416666666667 0.07777777777777778
0 0.4161458333333333 0.3851851851851852 0.11770833333333333 0.2037037037037037
1 0.353125 0.1726851851851852 0.04583333333333333 0.07314814814814814
0 0.34817708333333336 -0.16342592592592592 0.10989583333333333 0.13055555555555556
1 0.2981770833333333 0.008796296296296297 0.11822916666666666 0.11574074074074074
1 0.73125 0.2569444444444444 0.0875 0.14166666666666666
0 0.7244791666666667 0.07592592592592592 0.07395833333333333 0.2111111111111111
1 0.5869791666666667 -0.20972222222222223 0.11354166666666667 0.1287037037037037
0 0.66015625 -0.11018518518518519 0.09739583333333333 0.1425925925925926
0 0.6625 0.11296296296296296 0.14479166666666668 0.12222222222222222
0 0.5932291666666667 0.02824074074074074 0.058333333333333334 0.2824074074074074
0 0.6354166666666666 -0.011111111111111112 0.09479166666666666 0.08148148148148149
