0 0.265625 0.8203703703703704 0.1125 0.1
2 0.15286458333333333 0.7263888888888889 0.0640625 0.15462962962962962
2 0.21276041666666667 0.22962962962962963 0.0703125 0.21481481481481482
0 0.240625 0.6648148148148149 0.12604166666666666 0.08703703703703704
0 0.2638020833333333 0.5722222222222222 0.0578125 0.17962962962962964
0 0.20026041666666666 0.5777777777777777 0.050520833333333334 0.23148148148148148
0 0.42109375 0.6370370370370371 0.0890625 0.2
0 0.41432291666666665 0.5375 0.1546875 0.10277777777777777
0 0.5546875 0.47453703703703703 0.04375 0.11574074074074074
0 0.5651041666666666 0.35185185185185186 0.11458333333333333 0.20925925925925926
1 0.6846354166666667 0.23981481481481481 0.04114583333333333 0.08148148148148149
0 0.8736979166666666 0.2310185185185185 0.0734375 0.19537037037037036
1 0.7768229166666667 0.14212962962962963 0.06510416666666667 0.2101851851851852
1 0.6372395833333333 0.9120370370370371 0.0796875 0.15555555555555556
0 0.7390625 0.9 0.11875 0.13148148148148148
1 0.8997395833333334 0.6555555555555556 0.07239583333333334 0.20185185185185187
0 0.84375 0.7856481481481481 0.08020833333333334 0.17314814814814813
0 0.7182291666666667 0.7898148148148149 0.06875 0.2574074074074074
0 0.7658854166666667 0.6666666666666666 0.15885416666666666 0.1037037037037037
0 0.7880208333333333 0.7416666666666667 0.04583333333333333 0.1685185185185185
