2 0.84921875 0.2902777777777778 0.059895833333333336 0.17314814814814813
0 0.7369791666666666 0.19814814814814816 0.11041666666666666 0.10185185185185185
0 0.76015625 0.3527777777777778 0.1265625 0.08703703703703704
0 0.79921875 0.43842592592592594 0.0453125 0.2324074074074074
0 0.7390625 0.4444444444444444 0.05 0.18518518518518517
2 0.7934895833333333 0.7851851851851852 0.06614583333333333 0.21851851851851853
1 0.5838541666666667 0.3787037037037037 0.08333333333333333 0.19074074074074074
0 0.5893229166666667 0.4791666666666667 0.15260416666666668 0.10277777777777777
0 0.4466145833333333 0.5449074074074074 0.0390625 0.125
0 0.44088541666666664 0.6615740740740741 0.11822916666666666 0.21574074074074073
1 0.325 0.7824074074074074 0.0375 0.11296296296296296
1 0.22786458333333334 0.8824074074074074 0.06614583333333333 0.20185185185185187
2 0.13411458333333334 0.7833333333333333 0.07239583333333334 0.20185185185185187
1 0.3614583333333333 0.0912037037037037 0.06666666666666667 0.1787037037037037
0 0.26614583333333336 0.12175925925925926 0.11770833333333333 0.1287037037037037
0 0.28567708333333336 0.22870370370370371 0.06822916666666666 0.2537037037037037
1 0.16328125 0.2337962962962963 0.08177083333333333 0.17685185185185184
1 0.2328125 0.34675925925925927 0.14791666666666667 0.10648148148148148
1 0.10755208333333334 0.36064814814814816 0.0671875 0.2101851851851852
0 0.22213541666666667 0.275 0.0515625 0.1685185185185185
