2 0.15130208333333334 0.7106481481481481 0.059895833333333336 0.17314814814814813
0 0.2635416666666667 0.8027777777777778 0.11041666666666666 0.10185185185185185
0 0.24036458333333333 0.6481481481481481 0.1265625 0.08703703703703704
0 0.20130208333333333 0.5625 0.0453125 0.2324074074074074
0 0.26145833333333335 0.5564814814814815 0.05 0.18518518518518517
2 0.20703125 0.21574074074074073 0.06614583333333333 0.21851851851851853
1 0.4166666666666667 0.6222222222222222 0.08333333333333333 0.19074074074074074
0 0.41119791666666666 0.5217592592592593 0.15260416666666668 0.10277777777777777
0 0.55390625 0.45601851851851855 0.0390625 0.125
0 0.5596354166666667 0.33935185185185185 0.11822916666666666 0.21574074074074073
1 0.6755208333333333 0.21851851851851853 0.0375 0.11296296296296296
1 0.77265625 0.11851851851851852 0.06614583333333333 0.20185185185185187
2 0.86640625 0.2175925925925926 0.07239583333333334 0.20185185185185187
1 0.6390625 0.9097222222222222 0.06666666666666667 0.1787037037037037
0 0.734375 0.8791666666666667 0.11770833333333333 0.1287037037037037
0 0.71484375 0.7722222222222223 0.06822916666666666 0.2537037037037037
1 0.8372395833333334 0.7671296296296296 0.08177083333333333 0.17685185185185184
1 0.7677083333333333 0.6541666666666667 0.14791666666666667 0.10648148148148148
1 0.89296875 0.6402777777777777 0.0671875 0.2101851851851852
0 0.7783854166666667 0.725925925925926 0.0515625 0.1685185185185185
