2 0.61796875 1.1208333333333333 0.09739583333333333 0.10648148148148148
0 0.6697916666666667 0.9212962962962963 0.057291666666666664 0.1962962962962963
0 0.5828125 0.9625 0.04895833333333333 0.225
0 0.5346354166666667 1.0319444444444446 0.13072916666666667 0.08055555555555556
0 0.53125 0.925 0.10416666666666667 0.08888888888888889
2 0.33958333333333335 1.0217592592592593 0.12291666666666666 0.1175925925925926
1 0.5682291666666667 0.649074074074074 0.10729166666666666 0.14814814814814814
0 0.51171875 0.6587962962962963 0.0578125 0.2712962962962963
0 0.4747395833333333 0.4050925925925926 0.0703125 0.06944444444444445
0 0.40911458333333334 0.39490740740740743 0.12135416666666667 0.2101851851851852
1 0.3411458333333333 0.18888888888888888 0.06354166666666666 0.06666666666666667
1 0.28489583333333335 0.016203703703703703 0.11354166666666667 0.1175925925925926
2 0.340625 -0.15046296296296297 0.11354166666666667 0.1287037037037037
1 0.7299479166666667 0.2537037037037037 0.10052083333333334 0.11851851851851852
0 0.7127604166666667 0.08425925925925926 0.07239583333333334 0.20925925925925926
0 0.6526041666666667 0.11898148148148148 0.14270833333333333 0.12129629629629629
1 0.6497395833333334 -0.09861111111111111 0.09947916666666666 0.14537037037037037
1 0.5861979166666667 0.025 0.059895833333333336 0.26296296296296295
1 0.5783854166666667 -0.19768518518518519 0.11822916666666666 0.11944444444444445
0 0.6265625 0.0060185185185185185 0.09479166666666666 0.09166666666666666
