2 0.3815104166666667 1.1208333333333333 0.09739583333333333 0.10648148148148148
0 0.3296875 0.9212962962962963 0.057291666666666664 0.1962962962962963
0 0.4166666666666667 0.9625 0.04895833333333333 0.225
0 0.46484375 1.0319444444444446 0.13072916666666667 0.08055555555555556
0 0.46822916666666664 0.925 0.10416666666666667 0.08888888888888889
2 0.6598958333333333 1.0217592592592593 0.12291666666666666 0.1175925925925926
1 0.43125 0.649074074074074 0.10729166666666666 0.14814814814814814
0 0.48776041666666664 0.6587962962962963 0.0578125 0.2712962962962963
0 0.5247395833333334 0.4050925925925926 0.0703125 0.06944444444444445
0 0.5903645833333333 0.39490740740740743 0.12135416666666667 0.2101851851851852
1 0.6583333333333333 0.18888888888888888 0.06354166666666666 0.06666666666666667
1 0.7145833333333333 0.016203703703703703 0.11354166666666667 0.1175925925925926
2 0.6588541666666666 -0.15046296296296297 0.11354166666666667 0.1287037037037037
1 0.26953125 0.25324074074074077 0.10052083333333334 0.11944444444444445
0 0.28671875 0.08425925925925926 0.07239583333333334 0.20925925925925926
0 0.346875 0.11898148148148148 0.14270833333333333 0.12129629629629629
1 0.3497395833333333 -0.09861111111111111 0.09947916666666666 0.14537037037037037
1 0.41328125 0.025 0.059895833333333336 0.26296296296296295
1 0.42109375 -0.19768518518518519 0.11822916666666666 0.11944444444444445
0 0.3729166666666667 0.0060185185185185185 0.09479166666666666 0.09166666666666666
