2 0.15859375 0.6810185185185185 0.06197916666666667 0.15092592592592594
2 0.21432291666666667 0.2199074074074074 0.06302083333333333 0.20833333333333334
0 0.2677083333333333 0.7625 0.10625 0.10277777777777777
0 0.24505208333333334 0.6203703703703703 0.12135416666666667 0.08148148148148149
0 0.21276041666666667 0.5166666666666667 0.0484375 0.15925925925925927
0 0.26614583333333336 0.5342592592592592 0.04479166666666667 0.16296296296296298
0 0.4088541666666667 0.5921296296296297 0.08645833333333333 0.1712962962962963
0 0.40286458333333336 0.5041666666666667 0.14114583333333333 0.08796296296296297
1 0.5296875 0.4546296296296296 0.03854166666666667 0.2222222222222222
0 0.53671875 0.3365740740740741 0.10572916666666667 0.19166666666666668
0 0.5796875 0.2865740740740741 0.03125 0.062037037037037036
1 0.6643229166666667 0.2324074074074074 0.033854166666666664 0.05
1 0.7075520833333333 0.10462962962962963 0.04010416666666667 0.07037037037037037
0 0.8158854166666667 0.2152777777777778 0.06927083333333334 0.18055555555555555
1 0.6236979166666666 0.8115740740740741 0.0515625 0.19537037037037036
1 0.7125 0.825925925925926 0.078125 0.13518518518518519
1 0.67890625 0.725 0.06197916666666667 0.23703703703703705
0 0.7953125 0.7143518518518519 0.078125 0.1712962962962963
1 0.8421875 0.5393518518518519 0.09375 0.18055555555555555
0 0.7411458333333333 0.6763888888888889 0.041666666666666664 0.1527777777777778
1 0.7268229166666667 0.6106481481481482 0.13489583333333333 0.09166666666666666
