2 0.6013020833333333 1.1078703703703703 0.08489583333333334 0.11018518518518519
2 0.3419270833333333 1.0087962962962962 0.1171875 0.11203703703703703
0 0.6471354166666666 0.9138888888888889 0.0578125 0.18888888888888888
0 0.5671875 0.9541666666666667 0.04583333333333333 0.21574074074074073
0 0.5088541666666667 1.0115740740740742 0.08958333333333333 0.08611111111111111
0 0.51875 0.9166666666666666 0.09166666666666666 0.07962962962962963
0 0.5513020833333333 0.662962962962963 0.09635416666666667 0.1537037037037037
0 0.5018229166666667 0.6736111111111112 0.049479166666666664 0.25092592592592594
1 0.4739583333333333 0.44814814814814813 0.125 0.06851851851851852
0 0.4075520833333333 0.4356481481481482 0.1078125 0.18796296296296297
0 0.37942708333333336 0.3592592592592593 0.034895833333333334 0.05555555555555555
1 0.3489583333333333 0.20879629629629629 0.028125 0.06018518518518518
1 0.27708333333333335 0.13148148148148148 0.03958333333333333 0.07222222222222222
0 0.33932291666666664 -0.060648148148148145 0.1015625 0.12314814814814815
1 0.6747395833333333 0.2810185185185185 0.10989583333333333 0.09166666666666666
1 0.6828125 0.12314814814814815 0.07604166666666666 0.1388888888888889
1 0.6260416666666667 0.18287037037037038 0.13333333333333333 0.11018518518518519
0 0.6200520833333333 -0.024074074074074074 0.09635416666666667 0.1388888888888889
1 0.5216145833333333 -0.10740740740740741 0.1015625 0.16666666666666666
0 0.5986979166666667 0.07222222222222222 0.0859375 0.07407407407407407
1 0.56171875 0.09768518518518518 0.0515625 0.23981481481481481
