2 0.8419270833333333 0.3199074074074074 0.06197916666666667 0.15092592592592594
2 0.7861979166666667 0.7810185185185186 0.06302083333333333 0.20833333333333334
0 0.7328125 0.23842592592592593 0.10625 0.10277777777777777
0 0.75546875 0.38055555555555554 0.12135416666666667 0.08148148148148149
0 0.7877604166666666 0.4842592592592593 0.0484375 0.15925925925925927
0 0.734375 0.4666666666666667 0.04479166666666667 0.16296296296296298
0 0.5916666666666667 0.40879629629629627 0.08645833333333333 0.1712962962962963
0 0.59765625 0.49675925925925923 0.14114583333333333 0.08796296296296297
1 0.4708333333333333 0.5462962962962963 0.03854166666666667 0.2222222222222222
0 0.46380208333333334 0.6643518518518519 0.10572916666666667 0.19166666666666668
0 0.42083333333333334 0.7143518518518519 0.03125 0.062037037037037036
1 0.33619791666666665 0.7685185185185185 0.033854166666666664 0.05
1 0.29296875 0.8962962962962963 0.04010416666666667 0.07037037037037037
0 0.18463541666666666 0.7856481481481481 0.06927083333333334 0.18055555555555555
1 0.3768229166666667 0.18935185185185185 0.0515625 0.19537037037037036
1 0.28802083333333334 0.175 0.078125 0.13518518518518519
1 0.3216145833333333 0.2759259259259259 0.06197916666666667 0.23703703703703705
0 0.20520833333333333 0.2865740740740741 0.078125 0.1712962962962963
1 0.15833333333333333 0.4615740740740741 0.09375 0.18055555555555555
0 0.259375 0.324537037037037 0.041666666666666664 0.1527777777777778
1 0.27369791666666665 0.3902777777777778 0.13489583333333333 0.09166666666666666
