2 0.39817708333333335 -0.10694444444444444 0.08489583333333334 0.11018518518518519
2 0.6575520833333334 -0.00787037037037037 0.1171875 0.11203703703703703
0 0.35234375 0.08703703703703704 0.0578125 0.18888888888888888
0 0.4322916666666667 0.04675925925925926 0.04583333333333333 0.21574074074074073
0 0.490625 -0.010648148148148148 0.08958333333333333 0.08611111111111111
0 0.48072916666666665 0.08425925925925926 0.09166666666666666 0.07962962962962963
0 0.44817708333333334 0.33796296296296297 0.09635416666666667 0.1537037037037037
0 0.49765625 0.32731481481481484 0.049479166666666664 0.25092592592592594
1 0.5255208333333333 0.5527777777777778 0.125 0.06851851851851852
0 0.5919270833333333 0.5652777777777778 0.1078125 0.18796296296296297
0 0.6200520833333333 0.6416666666666667 0.034895833333333334 0.05555555555555555
1 0.6505208333333333 0.7921296296296296 0.028125 0.06018518518518518
1 0.7223958333333333 0.8689814814814815 0.03958333333333333 0.0712962962962963
0 0.66015625 1.061574074074074 0.1015625 0.12314814814814815
1 0.32473958333333336 0.7199074074074074 0.10989583333333333 0.09166666666666666
1 0.31666666666666665 0.8777777777777778 0.07604166666666666 0.1388888888888889
1 0.3734375 0.8180555555555555 0.13333333333333333 0.11018518518518519
0 0.37942708333333336 1.025 0.09635416666666667 0.1388888888888889
1 0.4778645833333333 1.1083333333333334 0.1015625 0.16666666666666666
0 0.40078125 0.9287037037037037 0.0859375 0.07407407407407407
1 0.43776041666666665 0.9032407407407408 0.0515625 0.23981481481481481
