0 0.2682291666666667 0.2037037037037037 0.11458333333333333 0.10555555555555556
2 0.15442708333333333 0.2949074074074074 0.06510416666666667 0.1675925925925926
0 0.24427083333333333 0.35509259259259257 0.11875 0.08611111111111111
0 0.26458333333333334 0.44583333333333336 0.04895833333333333 0.18425925925925926
0 0.20416666666666666 0.4356481481481482 0.05 0.24537037037037038
2 0.21354166666666666 0.7819444444444444 0.06145833333333333 0.20833333333333334
1 0.4203125 0.3875 0.08020833333333334 0.18981481481481483
0 0.4125 0.48194444444444445 0.15104166666666666 0.09907407407407408
0 0.5526041666666667 0.5425925925925926 0.05 0.12962962962962962
0 0.5611979166666666 0.6648148148148149 0.1203125 0.2074074074074074
1 0.68828125 0.7527777777777778 0.03802083333333333 0.044444444444444446
1 0.7713541666666667 0.874537037037037 0.06145833333333333 0.20462962962962963
2 0.8653645833333333 0.7847222222222222 0.07135416666666666 0.20277777777777778
1 0.6416666666666667 0.09259259259259259 0.06145833333333333 0.18333333333333332
0 0.7322916666666667 0.1259259259259259 0.11770833333333333 0.12777777777777777
0 0.7138020833333333 0.23425925925925925 0.06822916666666666 0.2574074074074074
1 0.7604166666666666 0.3541666666666667 0.15833333333333333 0.10833333333333334
1 0.88984375 0.36435185185185187 0.06614583333333333 0.21388888888888888
0 0.7817708333333333 0.28194444444444444 0.04895833333333333 0.1675925925925926
1 0.8375 0.23842592592592593 0.07395833333333333 0.1824074074074074
