0 0.3328125 0.08796296296296297 0.059375 0.2037037037037037
2 0.3841145833333333 -0.11435185185185186 0.09427083333333333 0.11574074074074074
0 0.41796875 0.04537037037037037 0.0484375 0.2111111111111111
0 0.46901041666666665 0.08148148148148149 0.10364583333333334 0.08703703703703704
0 0.46328125 -0.025925925925925925 0.13802083333333334 0.08888888888888889
2 0.6580729166666667 -0.009259259259259259 0.1171875 0.10925925925925926
1 0.4361979166666667 0.35833333333333334 0.10677083333333333 0.1425925925925926
0 0.48932291666666666 0.34444444444444444 0.05572916666666667 0.26851851851851855
0 0.5234375 0.5935185185185186 0.07291666666666667 0.08888888888888889
0 0.5921875 0.6087962962962963 0.11666666666666667 0.21388888888888888
1 0.6416666666666667 0.8347222222222223 0.025 0.06759259259259259
1 0.71015625 0.9824074074074074 0.11510416666666666 0.10925925925925926
2 0.6596354166666667 1.149537037037037 0.1140625 0.12685185185185185
1 0.2703125 0.7518518518518519 0.103125 0.10925925925925926
0 0.28880208333333335 0.912962962962963 0.07239583333333334 0.20925925925925926
0 0.35 0.8800925925925925 0.14479166666666668 0.12129629629629629
1 0.41744791666666664 0.9629629629629629 0.0609375 0.2814814814814815
1 0.4231770833333333 1.1930555555555555 0.1203125 0.1175925925925926
0 0.3768229166666667 1.000925925925926 0.09427083333333333 0.08703703703703704
1 0.35234375 1.1 0.10260416666666666 0.13148148148148148
