0 0.3328125 0.912962962962963 0.059375 0.2037037037037037
2 0.3841145833333333 1.1152777777777778 0.09427083333333333 0.11574074074074074
0 0.41796875 0.9555555555555556 0.0484375 0.2111111111111111
0 0.46901041666666665 0.9194444444444444 0.10364583333333334 0.08703703703703704
0 0.46328125 1.026851851851852 0.13802083333333334 0.08888888888888889
2 0.6580729166666667 1.010185185185185 0.1171875 0.10925925925925926
1 0.4361979166666667 0.6425925925925926 0.10677083333333333 0.1425925925925926
0 0.48932291666666666 0.6564814814814814 0.05572916666666667 0.26851851851851855
0 0.5234375 0.4074074074074074 0.07291666666666667 0.08888888888888889
0 0.5921875 0.3921296296296296 0.11666666666666667 0.21388888888888888
1 0.6416666666666667 0.16620370370370371 0.025 0.06759259259259259
1 0.71015625 0.018518518518518517 0.11510416666666666 0.10925925925925926
2 0.6596354166666667 -0.1486111111111111 0.1140625 0.12685185185185185
1 0.2703125 0.24861111111111112 0.103125 0.11018518518518519
0 0.2890625 0.08796296296296297 0.071875 0.20925925925925926
0 0.35 0.12083333333333333 0.14479166666666668 0.12129629629629629
1 0.41744791666666664 0.03796296296296296 0.0609375 0.2814814814814815
1 0.4231770833333333 -0.19212962962962962 0.1203125 0.1175925925925926
0 0.3768229166666667 0.0 0.09427083333333333 0.08703703703703704
1 0.35234375 -0.09907407407407408 0.10260416666666666 0.13148148148148148
