0 0.2682291666666667 0.7972222222222223 0.11458333333333333 0.10555555555555556
2 0.15442708333333333 0.7060185185185185 0.06510416666666667 0.1675925925925926
0 0.24427083333333333 0.6458333333333334 0.11875 0.08611111111111111
0 0.26458333333333334 0.5550925925925926 0.04895833333333333 0.18425925925925926
0 0.20416666666666666 0.5652777777777778 0.05 0.24537037037037038
2 0.21354166666666666 0.21898148148148147 0.06145833333333333 0.20833333333333334
1 0.4203125 0.6134259259259259 0.08020833333333334 0.18981481481481483
0 0.4125 0.5189814814814815 0.15104166666666666 0.09907407407407408
0 0.5526041666666667 0.4583333333333333 0.05 0.12962962962962962
0 0.5611979166666666 0.33611111111111114 0.1203125 0.2074074074074074
1 0.68828125 0.24814814814814815 0.03802083333333333 0.044444444444444446
1 0.7713541666666667 0.12638888888888888 0.06145833333333333 0.20462962962962963
2 0.8653645833333333 0.2162037037037037 0.07135416666666666 0.20277777777777778
1 0.6416666666666667 0.9083333333333333 0.06145833333333333 0.18333333333333332
0 0.7322916666666667 0.875 0.11770833333333333 0.12777777777777777
0 0.7138020833333333 0.7666666666666667 0.06822916666666666 0.2574074074074074
1 0.7604166666666666 0.6467592592592593 0.15833333333333333 0.10833333333333334
1 0.88984375 0.6365740740740741 0.06614583333333333 0.21388888888888888
0 0.7817708333333333 0.7189814814814814 0.04895833333333333 0.1675925925925926
1 0.8375 0.7625 0.07395833333333333 0.1824074074074074
