0 0.33515625 0.08981481481481482 0.05572916666666667 0.19444444444444445
2 0.38619791666666664 -0.1111111111111111 0.0953125 0.10925925925925926
0 0.42109375 0.05138888888888889 0.04739583333333333 0.20462962962962963
0 0.46953125 -0.022685185185185187 0.12552083333333333 0.08796296296296297
0 0.4713541666666667 0.08472222222222223 0.10208333333333333 0.09166666666666666
2 0.6614583333333334 -0.008333333333333333 0.125 0.11296296296296296
0 0.4359375 0.3592592592592593 0.10625 0.14444444444444443
0 0.490625 0.34953703703703703 0.05520833333333333 0.26944444444444443
1 0.5263020833333333 0.5986111111111111 0.0703125 0.08611111111111111
1 0.5911458333333334 0.6162037037037037 0.115625 0.21388888888888888
1 0.6497395833333334 0.8351851851851851 0.0421875 0.05925925925925926
1 0.7122395833333334 0.9837962962962963 0.11197916666666667 0.10648148148148148
2 0.6622395833333333 1.148611111111111 0.1109375 0.11574074074074074
0 0.26848958333333334 0.7546296296296297 0.09947916666666666 0.11481481481481481
0 0.28932291666666665 0.9189814814814815 0.0765625 0.20833333333333334
0 0.3533854166666667 0.8847222222222222 0.14114583333333333 0.11944444444444445
0 0.3541666666666667 1.1 0.10520833333333333 0.13703703703703704
0 0.3765625 0.999537037037037 0.08854166666666667 0.08425925925925926
0 0.4192708333333333 0.975 0.06770833333333333 0.27037037037037037
0 0.44453125 1.1958333333333333 0.0859375 0.125
