0 0.26927083333333335 0.20787037037037037 0.109375 0.09907407407407408
2 0.15625 0.2986111111111111 0.06145833333333333 0.16944444444444445
0 0.24765625 0.36064814814814816 0.11510416666666666 0.08425925925925926
0 0.20598958333333334 0.44675925925925924 0.049479166666666664 0.22314814814814815
0 0.26640625 0.45 0.0515625 0.1814814814814815
2 0.2140625 0.787962962962963 0.06354166666666666 0.2222222222222222
0 0.42083333333333334 0.387037037037037 0.08125 0.18888888888888888
0 0.4153645833333333 0.4842592592592593 0.1515625 0.09814814814814815
1 0.55546875 0.5476851851851852 0.0484375 0.125
1 0.5653645833333333 0.662962962962963 0.1203125 0.20555555555555555
1 0.6885416666666667 0.7671296296296296 0.03333333333333333 0.075
1 0.7721354166666666 0.8782407407407408 0.059895833333333336 0.19907407407407407
2 0.86484375 0.7893518518518519 0.06510416666666667 0.19722222222222222
0 0.6432291666666666 0.08935185185185185 0.06458333333333334 0.17685185185185184
0 0.7356770833333334 0.12685185185185185 0.1171875 0.13518518518518519
0 0.71640625 0.24027777777777778 0.0671875 0.25092592592592594
0 0.8375 0.24166666666666667 0.07708333333333334 0.18703703703703703
0 0.7809895833333333 0.2814814814814815 0.04739583333333333 0.1574074074074074
0 0.7671875 0.3574074074074074 0.15208333333333332 0.12037037037037036
0 0.89140625 0.4023148148148148 0.0703125 0.1527777777777778
