0 0.34375 0.9074074074074074 0.05520833333333333 0.1962962962962963
2 0.3953125 1.1009259259259259 0.09583333333333334 0.10740740740740741
0 0.43046875 0.9458333333333333 0.049479166666666664 0.19907407407407407
0 0.47604166666666664 1.0185185185185186 0.13020833333333334 0.07962962962962963
0 0.4786458333333333 0.9111111111111111 0.09895833333333333 0.08333333333333333
2 0.6692708333333334 1.0013888888888889 0.12291666666666666 0.11574074074074074
0 0.44635416666666666 0.6398148148148148 0.10520833333333333 0.14444444444444443
0 0.4986979166666667 0.6509259259259259 0.05260416666666667 0.25925925925925924
1 0.5424479166666667 0.4009259259259259 0.05572916666666667 0.06666666666666667
0 0.5997395833333333 0.38842592592592595 0.11614583333333334 0.2064814814814815
1 0.27838541666666666 0.2513888888888889 0.11302083333333333 0.11388888888888889
0 0.30130208333333336 0.08611111111111111 0.07135416666666666 0.19814814814814816
0 0.3645833333333333 0.11990740740740741 0.14166666666666666 0.11944444444444445
0 0.38671875 0.012037037037037037 0.09635416666666667 0.08888888888888889
0 0.43020833333333336 0.03888888888888889 0.058333333333333334 0.26481481481481484
0 0.3651041666666667 -0.08842592592592592 0.10416666666666667 0.1361111111111111
1 0.43515625 -0.17916666666666667 0.11614583333333334 0.12685185185185185
1 0.6497395833333334 0.16620370370370371 0.0359375 0.07685185185185185
1 0.7236979166666667 0.02824074074074074 0.10260416666666666 0.10833333333333334
2 0.66953125 -0.14212962962962963 0.1109375 0.12685185185185185
