0 0.34375 0.09351851851851851 0.05520833333333333 0.1962962962962963
2 0.3953125 -0.1 0.09583333333333334 0.10740740740740741
0 0.43046875 0.055092592592592596 0.049479166666666664 0.19907407407407407
0 0.47604166666666664 -0.017592592592592594 0.13020833333333334 0.07962962962962963
0 0.4786458333333333 0.08981481481481482 0.09895833333333333 0.08333333333333333
2 0.6692708333333334 -0.000462962962962963 0.12291666666666666 0.11574074074074074
0 0.44635416666666666 0.3611111111111111 0.10520833333333333 0.14444444444444443
0 0.4986979166666667 0.35 0.05260416666666667 0.25925925925925924
1 0.5424479166666667 0.6 0.05572916666666667 0.06666666666666667
0 0.5997395833333333 0.6125 0.11614583333333334 0.2064814814814815
1 0.27838541666666666 0.7490740740740741 0.11302083333333333 0.11296296296296296
0 0.30104166666666665 0.9148148148148149 0.071875 0.19814814814814816
0 0.3645833333333333 0.8810185185185185 0.14166666666666666 0.11944444444444445
0 0.38671875 0.9888888888888889 0.09635416666666667 0.08888888888888889
0 0.43020833333333336 0.962037037037037 0.058333333333333334 0.26481481481481484
0 0.3651041666666667 1.089351851851852 0.10416666666666667 0.1361111111111111
1 0.43515625 1.1800925925925927 0.11614583333333334 0.12685185185185185
1 0.6497395833333334 0.8347222222222223 0.0359375 0.07685185185185185
1 0.7236979166666667 0.9726851851851852 0.10260416666666666 0.10833333333333334
2 0.66953125 1.1430555555555555 0.1109375 0.12685185185185185
