0 0.2713541666666667 0.7777777777777778 0.11041666666666666 0.09814814814814815
2 0.1625 0.6861111111111111 0.06041666666666667 0.17037037037037037
0 0.24973958333333332 0.6236111111111111 0.11197916666666667 0.08796296296296297
0 0.20885416666666667 0.5425925925925926 0.04479166666666667 0.23148148148148148
0 0.26927083333333335 0.537962962962963 0.046875 0.17592592592592593
2 0.21848958333333332 0.19907407407407407 0.06510416666666667 0.21851851851851853
0 0.421875 0.5953703703703703 0.08125 0.18703703703703703
0 0.415625 0.5023148148148148 0.14583333333333334 0.09351851851851851
1 0.55625 0.42453703703703705 0.0375 0.09907407407407408
0 0.56328125 0.3226851851851852 0.11614583333333334 0.2064814814814815
1 0.6401041666666667 0.8939814814814815 0.06354166666666666 0.20092592592592592
0 0.7333333333333333 0.8532407407407407 0.11145833333333334 0.12685185185185185
0 0.7143229166666667 0.7407407407407407 0.0671875 0.2518518518518518
0 0.775 0.7013888888888888 0.05 0.1712962962962963
0 0.7598958333333333 0.6240740740740741 0.14895833333333333 0.1037037037037037
0 0.8315104166666667 0.7398148148148148 0.0765625 0.18518518518518517
1 0.8825520833333333 0.6152777777777778 0.07135416666666666 0.2064814814814815
1 0.68828125 0.2337962962962963 0.043229166666666666 0.06388888888888888
1 0.7658854166666667 0.10231481481481482 0.0609375 0.1824074074074074
2 0.86171875 0.1986111111111111 0.07135416666666666 0.19722222222222222
