0 0.33984375 0.09675925925925925 0.05572916666666667 0.19537037037037036
2 0.39114583333333336 -0.09722222222222222 0.09479166666666666 0.10740740740740741
0 0.4239583333333333 0.06018518518518518 0.053125 0.20185185185185187
0 0.471875 -0.011111111111111112 0.128125 0.07962962962962963
0 0.47682291666666665 0.09675925925925925 0.10260416666666666 0.08425925925925926
1 0.6598958333333333 0.005092592592592593 0.12083333333333333 0.11574074074074074
0 0.43984375 0.36527777777777776 0.10572916666666667 0.14166666666666666
0 0.49375 0.3509259259259259 0.05416666666666667 0.26666666666666666
0 0.5372395833333333 0.6032407407407407 0.044270833333333336 0.06944444444444445
1 0.5908854166666667 0.6129629629629629 0.12135416666666667 0.20925925925925926
1 0.6497395833333334 0.8601851851851852 0.0359375 0.07592592592592592
1 0.7151041666666667 0.9583333333333334 0.11354166666666667 0.13333333333333333
2 0.6622395833333333 1.1449074074074075 0.1109375 0.11574074074074074
1 0.27369791666666665 0.7643518518518518 0.1078125 0.08796296296296297
0 0.29661458333333335 0.9180555555555555 0.0734375 0.2064814814814815
0 0.3578125 0.8847222222222222 0.13229166666666667 0.10462962962962963
0 0.35703125 1.0972222222222223 0.1078125 0.13333333333333333
0 0.3828125 0.9986111111111111 0.09375 0.08611111111111111
0 0.4244791666666667 0.9634259259259259 0.059375 0.275
1 0.42864583333333334 1.1796296296296296 0.11666666666666667 0.12777777777777777
