0 0.27317708333333335 0.7847222222222222 0.10989583333333333 0.09907407407407408
2 0.1640625 0.6935185185185185 0.06041666666666667 0.1685185185185185
0 0.2526041666666667 0.6351851851851852 0.11354166666666667 0.09444444444444444
0 0.2125 0.55 0.04479166666666667 0.22777777777777777
0 0.27317708333333335 0.5412037037037037 0.04739583333333333 0.1824074074074074
1 0.22161458333333334 0.21574074074074073 0.06510416666666667 0.21481481481481482
0 0.42421875 0.6069444444444444 0.0796875 0.18796296296296297
0 0.4161458333333333 0.5111111111111111 0.15 0.0962962962962963
0 0.5580729166666667 0.4337962962962963 0.0390625 0.0787037037037037
1 0.5635416666666667 0.3384259259259259 0.11770833333333333 0.21574074074074073
1 0.7026041666666667 0.2337962962962963 0.042708333333333334 0.06388888888888888
1 0.7578125 0.1175925925925926 0.075 0.20185185185185187
2 0.8627604166666667 0.21157407407407408 0.06510416666666667 0.19722222222222222
1 0.6486979166666667 0.9023148148148148 0.049479166666666664 0.19166666666666668
0 0.73515625 0.8611111111111112 0.11614583333333334 0.12962962962962962
0 0.71640625 0.7527777777777778 0.058854166666666666 0.2351851851851852
0 0.8359375 0.7541666666666667 0.075 0.19166666666666668
0 0.78046875 0.7083333333333334 0.0484375 0.16666666666666666
0 0.7606770833333333 0.6342592592592593 0.1546875 0.10555555555555556
1 0.8822916666666667 0.6268518518518519 0.071875 0.2074074074074074
