0 0.72734375 0.2162037037037037 0.10989583333333333 0.09907407407407408
2 0.8364583333333333 0.3074074074074074 0.06041666666666667 0.1685185185185185
0 0.7479166666666667 0.36574074074074076 0.11354166666666667 0.09444444444444444
0 0.7880208333333333 0.45092592592592595 0.04479166666666667 0.22777777777777777
0 0.72734375 0.4597222222222222 0.04739583333333333 0.1824074074074074
1 0.77890625 0.7851851851851852 0.06510416666666667 0.21481481481481482
0 0.5763020833333333 0.3939814814814815 0.0796875 0.18796296296296297
0 0.584375 0.4898148148148148 0.15 0.0962962962962963
0 0.44244791666666666 0.5671296296296297 0.0390625 0.0787037037037037
1 0.43697916666666664 0.6625 0.11770833333333333 0.21574074074074073
1 0.29791666666666666 0.7671296296296296 0.042708333333333334 0.06388888888888888
1 0.24270833333333333 0.8833333333333333 0.075 0.20185185185185187
2 0.13776041666666666 0.7893518518518519 0.06510416666666667 0.19722222222222222
1 0.35182291666666665 0.09861111111111111 0.049479166666666664 0.19166666666666668
0 0.26536458333333335 0.1398148148148148 0.11614583333333334 0.12962962962962962
0 0.28411458333333334 0.24814814814814815 0.058854166666666666 0.2351851851851852
0 0.16458333333333333 0.24675925925925926 0.075 0.19166666666666668
0 0.22005208333333334 0.29259259259259257 0.0484375 0.16666666666666666
0 0.23984375 0.36666666666666664 0.1546875 0.10555555555555556
1 0.11822916666666666 0.37407407407407406 0.071875 0.2074074074074074
