0 0.33984375 0.9041666666666667 0.05572916666666667 0.19537037037037036
2 0.39114583333333336 1.098148148148148 0.09479166666666666 0.10740740740740741
0 0.4239583333333333 0.9407407407407408 0.053125 0.20185185185185187
0 0.471875 1.012037037037037 0.128125 0.07962962962962963
0 0.47682291666666665 0.9041666666666667 0.10260416666666666 0.08425925925925926
1 0.6598958333333333 0.9958333333333333 0.12083333333333333 0.11574074074074074
0 0.43984375 0.6356481481481482 0.10572916666666667 0.14166666666666666
0 0.49375 0.65 0.05416666666666667 0.26666666666666666
0 0.5372395833333333 0.3976851851851852 0.044270833333333336 0.06944444444444445
1 0.5908854166666667 0.38796296296296295 0.12135416666666667 0.20925925925925926
1 0.6497395833333334 0.14074074074074075 0.0359375 0.07592592592592592
1 0.7151041666666667 0.04259259259259259 0.11354166666666667 0.13333333333333333
2 0.6622395833333333 -0.1439814814814815 0.1109375 0.11574074074074074
1 0.27369791666666665 0.2361111111111111 0.1078125 0.08888888888888889
0 0.296875 0.08287037037037037 0.07291666666666667 0.2064814814814815
0 0.3578125 0.1162037037037037 0.13229166666666667 0.10462962962962963
0 0.35703125 -0.0962962962962963 0.1078125 0.13333333333333333
0 0.3828125 0.0023148148148148147 0.09375 0.08611111111111111
0 0.4244791666666667 0.0375 0.059375 0.275
1 0.42864583333333334 -0.1787037037037037 0.11666666666666667 0.12777777777777777
